type	name	job	show	size	attack	hp	defend	puncture	hit	dodge	crit	critPercentage	anitCrit	toughness	anitToughness	skill1	skill2	skill3
1	矮人火枪	1	503	80	1885710	9428571	1	1	3	1	1	1	1	1	1
3	人类圣骑士	4	501	80	1335711	13553559	1	1	3	1	1	1	1	1	1
6	人类女盗贼	1	508	120	1375	3500	56	81	150	75	75	63	94	1	10000
7	血精灵女牧师	4	511	80	1414283	12964273	1	1	3	1	1	1	1	1	1
8	兽人剑圣	1	504	80	1728567	10607143	1	1	3	1	1	1	1	1	1
10	兽王	1	505	80	1335711	13553559	1	1	3	1	1	1	1	1	1
12	萨满	3	509	80	1571426	11785701	1	1	3	1	1	1	1	1	1
16	人类士兵	1	122	80	550	2430	38	65	90	45	38	25	75	1	10000
18	人类戍卫	1	122	80	1885710	9428571	1	1	3	1	1	1	1	1	1
22	人类冰法	1	118	80	771	1303	65	56	90	45	50	50	75	1	10000
24	普通兽人	1	100	80	457	456	1	1	1	1	1	1	1	1	10000
25	兽人战士	1	101	80	400	2600	10	10	10	10	10	10	10	1	10000
26	斧王	2	520	100	350	2925	60	60	60	60	60	60	60	1	10000
27	兽人法师	4	103	80	232	600	10	10	10	10	10	10	10	1	10000			3097
28	兽人术士	3	104	100	200	1700	20	20	20	20	20	20	20	1	10000	1045	1023	3096
29	女娜迦	1	154	120	1179	5528	244	244	390	195	213	188	281	1	10000
30	黄色树人	1	111	80	350	1500	28	24	45	23	19	19	28	1	10000
31	灰色树人	1		80	1335711	13553559	1	1	3	1	1	1	1	1	1
42	龙人战士	1	140	80	2403	18033	750	844	1680	840	700	700	1050	1	10000
45	德玛西亚	2	512	100	1492854	12374987	1	1	3	1	1	1	1	1	1
47	恶魔猎手	1	515	80	1492854	12374987	1	1	3	1	1	1	1	1	1
48	恶魔布鲁	1	515	80	1492854	12374987	1	1	3	1	1	1	1	1	1
49	皮城女警	1	516	80	1885710	9428571	1	1	3	1	1	1	1	1	1
50	山丘之王	2	513	80	1335711	13553559	1	1	3	1	1	1	1	1	1
52	斧王	1	520	80	1728567	10607143	1	1	3	1	1	1	1	1	1
53	矮人戍卫	1	521	80	1885710	9428571	1	1	3	1	1	1	1	1	1
54	寒冰射手	1	522	80	1885710	9428571	1	1	3	1	1	1	1	1	1
55	黑暗游侠	1	523	80	1885710	9428571	1	1	3	1	1	1	1	1	1
56	熊猫人盗贼	1	525	80	1571426	11785701	1	1	3	1	1	1	1	1	1
57	德莱尼牧师	4		80	1492854	12374987	1	1	3	1	1	1	1	1	1
58	鱼人	3	181	120	936	3960	193	167	309	154	193	193	289	1	10000	1035		3099
59	地精工程师	3	179	100	1580	9709	524	299	840	420	450	450	674	1	10000
60	德鲁伊	4	184	100	700	2400	150	98	150	75	63	63	150	1	10000
61	人类术士	1	185	100	1970	12805	413	537	990	495	413	413	619	1	10000
62	凯尔萨斯	1	526	80	1335711	13553559	1	1	3	1	1	1	1	1	1
63	娜迦战士	1	137	80	650	2500	75	65	120	60	50	50	75	1	10000
64	娜迦法师	1	153	80	840	3939	169	114	90	45	100	50	188	1	10000
65	娜迦祭司	4	136	80	1044	1239	75	65	120	60	50	50	75	1	10000
66	雪人	2	164	80	1571426	11785701	1	1	3	1	1	1	1	1	1
69	普通食人魔	1	106	80	1218	6500	247	258	370	185	210	198	346	1	10000
70	食人魔战士	1	107	80	1656	12431	374	520	720	360	400	450	750	1	10000
74	恐惧魔王	1	152	80	1807139	10017857	1	1	3	1	1	1	1	1	1
75	牛头酋长	2	506	80	1492854	12374987	1	1	3	1	1	1	1	1	1
78	臭臭泥	2	149	100	1492854	12374987	1	1	3	1	1	1	1	1	1
80	兽人祭司	3	104	80	1492854	12374987	1	1	3	1	1	1	1	1	1
88	亡灵战士	1	155	80	871	6540	284	403	456	227	300	300	450	1	10000
89	风元素	1	158	80	1492854	12374987	1	1	3	1	1	1	1	1	1
94	乌龟	2	163	80	780	1500	75	8	60	30	31	31	56	1	10000
97	火元素	1	132	100	990	4640	169	390	270	135	175	175	263	1	10000
98	火元素战士	1	133	120	1438	7333	356	569	570	285	375	338	488	1	10000
104	三头龙	1	159	80	250	2228	50	50	50	50	50	50	50	1	10000	97	1050
108	豺狼战士	1	177	100	1365	6961	319	423	510	255	325	400	450	1	10000
109	阿克蒙德	1	1008	80	1807139	10017857	1	1	3	1	1	1	1	1	1
110	乌龟	2	163	120	1601	3500	206	81	150	75	63	100	206	1	10000
111	鱼人	3	181	100	2281	14001	814	929	1303	651	843	843	1050	1	10000
112	鱼人	3	181	80	765	3908	113	146	180	90	113	113	169	1	10000
113	三头龙	1	159	100	1193	6620	188	488	300	150	375	250	375	1	10000
114	普通兽人	1	100	80	815	4898	159	325	255	128	150	150	225	1	10000
115	兽人术士	3	104	100	1200	7796	338	488	600	300	275	275	375	1	10000
116	人类士兵	1	122	80	821	6000	229	271	367	183	278	250	312	1	10000
117	迪菲亚	1	180	100	1623	8270	516	537	825	413	413	413	578	1	10000
118	人类鬼魂	1	113	100	2633	21829	810	1196	1296	647	920	900	1200	1	10000
119	穴居人	1	151	100	1353	10146	494	714	791	396	550	500	750	1	10000
122	人类勇士	2	123	80	1016	8430	600	233	743	371	280	280	494	1	10000
135	水元素	1	183	80	1909	11730	600	857	960	480	600	650	974	1	10000
137	食人魔战士	1	107	100	2996	18406	824	1117	1320	660	840	840	1260	1	10000
143	食人魔法师	1	109	80	2687	14916	734	1040	1176	587	800	800	1140	1	10000
144	食人魔战士	1	107	100	3856	23684	914	1300	1463	731	1000	1000	1454	1	10000
145	巫妖	1	519	100	5590	30994	1124	1560	1800	900	1200	1200	1680	1	10000	86	1010	3103
149	人类勇士	2	123	80	2796	23181	1200	780	1920	960	600	600	1200	1	10000
172	人类亡灵勇士	2	115	100	6958	57696	2760	936	2304	1152	720	720	2160	1	10000
201	巨魔女法师	1	174	100	23121	128178	1560	1560	2496	1248	2000	1712	2400	1	10000
202	巨魔术士	3	146	100	20163	167151	2040	1768	3264	1632	1600	1600	2256	1	10000
212	迪菲亚	1	180	70	576	2160	77	134	185	93	103	103	135	1	10000
214	人类鬼魂	1	113	80	883	5749	216	312	347	174	241	202	303	1	10000
215	人类亡灵战士	1	114	80	1103	5633	345	300	553	276	231	231	345	1	10000
223	鱼人	3	181	120	1800	2800	131	114	210	105	131	131	196	1	10000			1052
224	兽人战士	1	101	80	660	1200	21	19	34	17	14	14	21	1	10000
225	兽人法师	4	103	80	232	400	10	10	10	10	10	10	10	1	10000			3097
17	人类护卫	2	121	80	664	8127	94	38	38	38	38	38	113	1	10000
15	人类亡灵勇士	2	115	100	1117	11129	120	48	48	48	48	48	144	1	10000
81	法力元素	1	157	80	1067	7101	42	42	62	42	83	166	42	1	10000
96	狼	1	166	80	703	4307	46	159	68	46	68	46	46	1	10000
93	普通豺狼	1	167	120	1602	10671	56	56	194	56	139	56	56	1	10000	1036	1055
13	人类鬼魂	1	113	80	953	8478	56	84	84	196	84	56	56	1	10000
20	人类战士	1	124	100	1480	13319	90	119	119	90	119	119	119	1	10000	1015	1016	1056
35	穴居人	1	151	80	939	9364	64	64	224	64	160	64	64	1	10000
40	矮人勇士	1	126	120	1411	11511	135	68	68	102	169	135	203	1	10000	1037	98	1056
36	矮人战士	1	125	80	1022	9201	140	112	112	56	168	112	84	1	10000
120	群体打击者	1	186	100	1839	13808	82	82	163	82	325	163	82	1	10000	1044	3033	3101
222	群体打击者	1	186	100	2589	19436	96	96	191	96	382	191	96	1	10000	1044	3033	93
121	狼	1	166	80	1000	6160	96	336	144	96	144	96	96	1	10000
33	暗影元素	1	171	80	1540	8546	100	150	150	349	150	100	100	1	10000
23	人类火法	1	119	120	2310	12827	113	113	225	113	449	225	113	1	10000	1009	1010	97
21	人类战士	1	124	80	1484	10194	143	190	190	143	190	190	190	1	10000
19	人类勇士	2	123	100	1660	16857	360	144	144	144	144	144	432	1	10000	1037	98	1056
216	女妖	1	116	80	1748	9648	120	120	420	120	300	120	120	1	10000
46	巫妖	1	519	120	2520	12167	125	125	435	249	311	249	125	1	10000	86	1010	3103
14	人类亡灵战士	1	114	80	1558	11682	156	208	208	208	208	208	208	1	10000
123	人类亡灵勇士	1	115	100	2571	15778	127	254	254	254	381	254	191	1	10000	1012	1056
124	人类冰法	1	118	80	1364	7563	136	136	474	136	338	136	136	1	10000
125	人类奥法	1	117	100	2556	14184	166	579	248	166	331	166	166	1	10000	1019	99
126	人类火法	1	119	80	2045	9453	136	136	271	136	542	271	136	1	10000
211	狗男	1	188	100	3431	24208	245	245	245	184	245	245	245	1	10000	1015	1056
5	狗女	4	189	100	2772	21071	176	176	264	176	352	703	176	1	10000	1000	1020	1002
95	猪	1	162	80	1532	12720	201	268	268	201	268	268	268	1	10000
127	豪猪战士	1	190	120	2300	19076	170	339	339	170	509	339	255	1	10000	1043	1044
128	猪	1	162	80	1176	8820	210	280	280	210	280	280	280	1	10000
129	豪猪战士	1	190	120	2772	17018	178	355	355	178	532	355	266	1	10000	1043	1044
130	猪	1	162	80	1396	10476	220	294	294	220	294	294	294	1	10000
131	豪猪猎人	1	192	120	2516	12576	186	372	372	186	557	372	279	1	10000	1003	1005
132	猪	1	162	80	1476	14079	236	315	315	236	315	315	315	1	10000
133	豪猪祭司	4	191	120	2825	17463	217	217	325	217	433	866	217	1	10000	1018	1027
134	鱼人	3	181	80	2105	17463	171	171	341	426	512	341	171	1	10000
107	水元素	1	183	110	3266	18125	415	208	415	311	622	415	208	1	10000	1025	1042
217	土元素	2	131	80	1415	11780	443	177	177	354	354	177	531	1	10000
218	土元素	2	131	120	1626	18202	538	215	215	430	430	215	645	1	10000	1043	1028
106	土元素	1	131	100	1805	19720	471	189	189	377	377	189	565	1	10000
71	公主	1	182	100	4214	32286	536	357	625	357	447	357	179	1	10000	1039	89	1055
136	矮人战士	1	125	80	1917	15993	435	348	348	174	522	348	261	1	10000
37	矮人祭司	1	128	120	873	7246	270	270	942	270	673	270	270	1	10000	1000	1028	1002
138	矮人战士	1	125	80	2000	17562	451	361	361	181	541	361	271	1	10000
139	土元素	2	131	140	2592	21502	729	292	292	292	292	292	874	1	10000	1043	1028
38	矮人勇士	2	126	80	1772	22721	410	205	205	308	512	410	615	1	10000
140	矮人国王	1	127	120	3128	29198	577	231	577	231	462	462	692	1	10000	1043	1056
99	普通蜘蛛	1	129	70	1380	10350	250	499	624	250	624	250	250	1	10000
100	蜘蛛战士	1	130	100	2957	22176	666	533	666	267	666	267	267	1	10000	1035	3099
142	女妖	1	116	100	2368	12999	257	257	900	257	643	257	257	1	10000
141	亡灵战士	1	155	120	3396	20852	660	528	396	264	528	528	528	1	10000	1012	1043
219	缝合怪	1	150	60	2030	16780	561	225	337	225	449	897	225	1	10000
220	憎恶	1	172	100	3396	25040	679	272	408	272	543	1086	272	1	10000	2012	1014
32	女妖	1	116	80	2550	14400	278	278	972	278	695	278	278	1	10000
221	巫妖	1	519	120	4112	19670	285	285	996	569	712	569	285	1	10000	86	1010	3103
82	普通巨魔	1	144	80	2381	17867	336	448	448	560	448	448	448	1	10000
86	巨魔女法师	1	174	120	4109	22785	304	304	608	760	912	608	304	1	10000	1053	1050
92	蛇	1	165	80	2456	18422	269	671	403	939	403	269	269	1	10000
146	三头龙	1	159	100	3868	26254	1249	781	313	313	313	313	625	1	10000	97	1050
83	巨魔战士	1	145	80	2529	18976	355	473	473	591	473	473	473	1	10000
87	巨魔祭司	4	147	120	3710	21761	348	348	522	348	696	1392	348	1	10000	1046	1002
85	巨魔亡灵	1	148	80	1883	25529	663	398	398	398	398	398	796	1	10000		1033
84	巨魔术士	3	146	120	2520	22889	531	663	663	266	266	266	796	1	10000	1047	1022	1018
68	绿色树精	1	112	70	2543	21092	785	393	393	393	393	393	785	1	10000
67	蓝色树精	1	175	100	4016	30128	949	475	475	475	475	475	949	1	10000	1043	1028	1031
147	鱼人	3	181	80	3026	18579	289	289	578	723	867	578	289	1	10000
148	水元素	1	183	120	4539	27869	700	350	700	525	1050	700	350	1	10000	1025	1042
11	小鹿	1	510	80	2666	22865	793	529	661	397	397	397	529	1	10000
150	德鲁伊	4	184	100	2817	23367	389	389	584	389	778	1555	389	1	10000	1030	1032
151	食人魔战士	1	107	80	3578	21955	640	384	512	256	256	1024	768	1	10000
72	食人魔祭司	4	110	100	3363	21873	334	334	501	334	668	1336	334	1	10000
73	食人魔国王	2	108	100	5610	31102	819	410	546	546	546	1092	683	1	10000	1043	1033	15
152	龙人战士	1	140	80	2621	16081	840	560	560	560	560	560	280	1	10000
41	飞龙	1	139	120	5871	32548	431	647	647	1508	647	431	431	1	10000	1053	1054	56
153	巨魔术士	3	146	80	3376	27991	616	770	770	308	308	308	924	1	10000
51	巫医	4	514	100	3742	43986	422	422	632	422	843	1685	422	1	10000	1018	1020	66
154	飞龙	1	139	80	2981	16539	377	566	566	1319	566	377	377	1	10000
44	哈卡之魂	1	1009	80	5279	43776	401	601	601	1402	1202	401	401	1	10000	1051	1013	89
155	亡灵战士	1	155	80	4242	26031	814	651	489	326	651	651	651	1	10000
9	痛苦术士	3	507	100	5207	47724	787	983	983	394	394	394	1180	1	10000	1049	1023	1051
156	穴居人	1	151	80	3806	31565	392	392	1372	392	980	392	392	1	10000
158	亡灵战士	1	155	100	6868	42148	1002	802	602	401	802	802	802	1	10000	1012	1043
157	亡灵战士	1	155	80	4577	28094	846	677	508	339	677	677	677	1	10000
4	人类女盗贼	1	508	100	6011	45084	425	425	850	1063	1275	850	425	1	10000	1006	1007	1008
160	人类奥法	1	117	100	5060	28053	413	1444	619	413	825	413	413	1	10000
159	人类冰法	1	118	120	7589	42079	498	498	1743	498	1245	498	498	1	10000	1053	1050
90	土元素	1	131	100	4404	36520	1101	441	441	441	441	441	1321	1	10000
161	土元素	2	131	120	5910	60000	1329	532	532	532	532	532	1595	1	10000	1043	1028
162	矮人战士	1	125	80	7659	47008	840	672	672	336	1008	672	504	1	10000
163	火元素	1	132	120	8406	46609	455	455	909	682	1363	1363	455	1	10000	1009	3096
164	矮人勇士	2	126	80	5621	34501	746	373	373	560	932	746	1119	1	10000
39	矮人国王	1	127	100	8817	48873	1045	836	836	418	1254	836	627	1	10000	1043	1033	1056
165	女妖	1	116	80	6149	34099	448	448	1568	448	1120	448	448	1	10000
166	穴居人	1	151	100	8823	54153	541	541	1893	541	1352	541	541	1	10000	1035	1020
167	暗影元素	1	171	80	6422	35606	456	684	684	1596	684	456	456	1	10000
168	法力元素	1	157	100	9633	53413	527	527	790	527	1053	2105	527	1	10000	1018	1011
169	亡灵战士	1	155	80	8362	51326	980	784	588	392	784	784	784	1	10000
170	女妖	1	116	120	11926	66119	559	559	1957	559	1398	559	559	1	10000	1051	1023
76	缝合怪	2	150	60	6897	57194	1233	494	494	494	494	494	1480	1	10000
77	憎恶	1	172	100	10347	85786	1203	481	722	481	962	1924	481	1	10000	1035	1033	1014
171	亡灵战士	1	155	80	8380	51428	1024	819	614	410	819	819	819	1	10000
2	阿尔萨斯	1	134	120	10965	37294	917	917	917	917	917	917	917	1	10000	1043	1034	1056
173	食人魔祭司	4	110	80	7575	62816	471	471	706	471	941	1881	471	1	10000
174	食人魔战士	1	107	100	5760	80762	902	541	721	361	361	1442	1082	1	10000
175	普通蜘蛛	1	129	60	9166	56247	499	998	1248	499	1248	499	499	1	10000
176	蜘蛛战士	1	130	100	13748	84375	1324	1060	1324	530	1324	530	530	1	10000	1035	3099
177	食人魔战士	1	107	80	9558	58656	929	558	743	372	372	1486	1115	1	10000
178	食人魔法师	1	109	100	14988	83098	868	651	868	434	1302	1736	868	1	10000	1053	3097
179	食人魔法师	1	109	80	10374	57524	738	553	738	369	1106	1475	738	1	10000
180	食人魔国王	1	108	100	14883	91356	1266	422	563	563	563	2250	1266	1	10000	1043	15
181	兽人法师	1	103	80	10956	60756	415	622	829	415	1243	1657	622	1	10000
43	龙人护卫	2	141	80	8471	55991	1400	560	560	560	560	560	1680	1	10000
182	兽人战士	1	101	120	9089	55782	630	840	840	1050	840	840	840	1	10000	1015	1056
183	飞龙	1	139	120	17194	65340	645	967	967	2257	967	645	645	1	10000	1009	97
184	兽人战士	1	101	80	11450	32710	639	852	852	1065	852	852	852	1	10000
105	三头龙	1	159	100	18089	89058	2302	1439	576	576	576	576	1151	1	10000	97	1050
79	龙人法师	1	143	100	12473	41590	1053	632	842	421	1053	1263	842	1	10000
185	龙人护卫	2	141	100	9456	88142	1454	582	582	582	582	582	1745	1	10000
103	龙人将军	1	142	100	20890	104462	1523	762	1015	1015	508	1015	1523	1	10000	1043	1056
186	蝙蝠	1	173	80	12414	76190	563	845	845	1970	845	563	563	1	10000
187	巨魔战士	1	145	100	18622	114285	800	1066	1066	1333	1066	1066	1066	1	10000	1038	1026
188	蛇	1	165	80	12897	79155	523	1307	785	1830	785	523	523	1	10000
189	巨魔女法师	3	174	120	20226	112144	605	605	908	605	1815	2420	605	1	10000		1018
190	普通蜘蛛	1	129	60	13556	83211	578	1156	1445	578	1445	578	578	1	10000
191	巨魔祭司	3	147	120	17565	145625	667	667	1000	667	1333	2666	667	1	10000		1018
91	迅猛龙	1	161	80	12266	92008	478	478	478	1193	1432	1909	478	1	10000
192	巨魔战士	1	145	100	23130	141962	832	1109	1109	1387	1109	1109	1109	1	10000		1018
101	老虎	1	168	80	19150	117516	967	484	967	1208	1450	967	484	1	10000
193	普通巨魔	1	144	80	15714	117856	709	945	945	1181	945	945	945	1	10000
194	三头龙	1	159	100	25928	159104	2549	1593	638	638	638	638	1275	1	10000	97	1050
196	巨魔亡灵	1	148	80	20433	125394	1298	779	779	779	779	779	1557	1	10000		1033
195	巨魔术士	3	146	100	24807	205661	1038	1298	1298	519	519	519	1557	1	10000	1045	1011
197	巨魔萨满	4	514	100	26470	219438	708	708	1062	708	1415	2830	708	1	10000	1018	66
199	巨魔战士	1	145	80	21717	133270	738	984	984	1230	984	984	984	1	10000
200	哈卡	1	193	100	28134	233224	804	1071	1339	536	1607	1607	1339	1	10000	1051	89
34	石像鬼	2	135	80	16726	188200	1674	670	670	670	670	670	2009	1	10000
206	巨魔亡灵	1	148	100	45708	280493	1629	978	978	978	978	978	1955	1	10000		1033
102	熊	2	169	80	20969	173837	1328	532	532	532	1063	1594	1594	1	10000
204	巨魔战士	1	145	100	41066	252004	926	1234	1234	1543	1234	1234	1234	1	10000		1043
203	飞龙	1	139	80	28620	158670	665	997	997	2326	997	665	665	1	10000
205	老虎	1	168	80	30472	186995	1104	552	1104	1380	1656	1104	552	1	10000
213	巨魔术士	3	146	120	49344	409060	1381	1726	1726	691	691	691	2071	1	10000	1049	1018
207	巨魔术士	3	146	100	28990	240328	1168	1460	1460	584	584	584	1752	1	10000	1049	1011
208	巨魔祭司	4	147	120	43486	360492	660	660	990	660	1320	2640	660	1	10000	1021	1046
209	巨魔战士	1	145	80	36664	224987	1372	915	915	1829	1829	915	1372	1	10000
210	巨魔萨满	3	514	100	36536	302868	336	1680	1008	1008	1680	1008	1008	1	10000	1018	66
10001	普通兽人	3	100	100	363	2673	78	62	62	47	62	62	62	1	10000	1038
10002	兽人术士	1	104	100	469	4683	141	94	94	47	47	47	141	1	10000	1000	1032
10003	兽人法师	1	103	100	424	2831	36	54	72	36	108	144	54	1	10000	1009
10004	三头龙	1	159	100	609	4494	226	141	57	57	57	57	113	1	10000	1050	3096
10005	兽人战士	1	101	100	449	3317	62	83	83	103	83	83	83	1	10000	1038
10006	斧王	1	520	100	674	4980	138	83	111	56	111	111	194	1	10000	3098	1026
10007	黄色树人	4	111	100	492	3644	144	72	72	72	72	72	144	1	10000	1036
10008	德鲁伊	2	184	100	639	6366	78	78	117	78	156	312	78	1	10000	1029	1032
10009	乌龟	2	163	80	463	4624	220	63	63	63	63	63	189	1	10000	1053
10010	乌龟	1	163	120	695	6930	303	87	87	87	87	87	259	1	10000	1041	2022
10011	娜迦战士	3	137	100	580	4277	114	114	114	170	114	114	57	1	10000	1038
10012	鱼人	1	181	100	871	6416	88	88	175	218	262	175	88	1	10000	1035	3099
10013	人类冰法	1	118	100	667	4445	79	79	276	79	197	79	79	1	10000	1053
10014	迪菲亚	1	180	100	958	7059	99	198	247	247	149	149	99	1	10000	3098	1008
10015	人类士兵	3	122	100	696	5139	108	144	144	108	144	144	144	1	10000	1037
10016	鱼人	3	181	100	1073	7920	103	103	205	256	308	205	103	1	10000	1035	3099
10017	鱼人	1	181	100	762	5614	81	81	162	202	243	162	81	1	10000	1035
10018	女娜迦	1	154	120	1194	7960	86	86	172	301	387	258	86	1	10000	1053	1011
10019	娜迦法师	1	153	100	853	5682	108	108	144	180	252	216	72	1	10000	1053
10020	三头龙	1	159	100	1226	9039	472	295	118	118	118	118	236	1	10000	1050	3096
10021	普通兽人	3	100	100	861	6346	206	165	165	124	165	165	165	1	10000	1037
10022	兽人术士	1	104	100	1128	11226	363	242	242	121	121	121	363	1	10000	1047	1023
10023	狼	1	166	100	907	6683	117	409	175	117	175	117	117	1	10000	1036
10024	豺狼战士	1	167	100	1360	10028	278	209	347	278	278	139	139	1	10000	1038	1055
10025	火元素战士	1	133	100	1433	10563	208	104	208	156	208	208	208	1	10000	1009	3096
10026	火元素	1	132	80	950	6336	141	141	282	212	423	423	141	1	10000	1009
10027	人类士兵	1	122	80	769	5672	158	211	211	158	211	211	211	1	10000	1043
10028	迪菲亚	1	180	100	1175	8664	155	310	387	387	233	233	155	1	10000	3006	3008
10029	普通食人魔	4	106	100	848	7635	361	103	206	103	206	206	258	1	10000	1037
10030	食人魔祭司	1	110	100	1210	12054	170	170	255	170	340	680	170	1	10000	1018	1010
10031	人类鬼魂	3	113	100	969	7136	138	207	207	482	207	138	138	1	10000	1012
10032	人类术士	2	185	100	1257	12521	147	366	366	147	439	439	147	1	10000	1047	1023
10033	人类护卫	2	121	100	775	9448	483	138	138	138	138	138	414	1	10000	1037
10034	人类亡灵勇士	1	115	100	1506	11096	159	318	318	318	477	318	239	1	10000	1044	1056
10035	法力元素	1	115	100	1085	7230	144	144	216	144	288	576	144	1	10000	1018
10036	普通豺狼	1	167	100	1560	11493	204	204	713	204	510	204	204	1	10000	1043	1055
10037	亡灵战士	1	155	100	1074	7913	333	266	200	133	266	266	266	1	10000	1038	1056
10038	人类鬼魂	1	113	100	1612	11880	213	319	319	744	319	213	213	1	10000	1012
10039	穴居人	1	151	100	957	9536	164	164	573	164	410	164	164	1	10000	1036
10040	穴居人	1	151	120	1436	76286	222	222	774	222	553	222	222	1	10000	1043	1055
10041	矮人战士	1	125	100	1041	9369	335	268	268	134	402	268	201	1	10000	1037
10042	矮人战士	1	125	120	1562	14057	452	362	362	181	542	362	271	1	10000	1043	1056
10043	矮人战士	3	125	100	1072	9654	348	278	278	139	417	278	209	1	10000	1038
10044	地精工程师	1	179	100	1850	12315	195	195	389	486	584	584	195	1	10000	1003	1005
10045	狼	2	166	100	1214	8950	192	672	288	192	288	192	192	1	10000	1036
10046	人类勇士	1	123	100	1574	15675	829	237	237	237	237	237	710	1	10000	1044	1056
10047	暗影元素	1	171	100	1306	8705	190	285	285	665	285	190	190	1	10000	2045
10048	人类火法	2	119	100	1961	13059	235	235	470	235	939	470	235	1	10000	2009	3096
10049	人类勇士	1	123	100	1138	11334	658	188	188	188	188	188	564	1	10000	2038
10050	人类奥法	1	117	100	2068	13764	265	927	398	265	530	265	265	1	10000	2009	2011
10051	女妖	3	116	100	1100	15152	203	203	711	203	508	203	203	1	10000	1050
10052	巫妖	1	519	100	1500	22738	232	232	810	463	579	463	232	1	10000	63	1010	70
10053	人类亡灵战士	2	114	100	1744	17757	257	342	342	342	342	342	342	1	10000	1043
10054	人类亡灵勇士	1	115	100	2368	29463	230	460	460	460	690	460	345	1	10000	1044	1056
10055	人类冰法	1	117	100	1800	14620	216	216	756	216	540	216	216	1	10000	1050
10056	人类奥法	1	118	100	2600	24956	291	1019	437	291	582	291	291	1	10000	2009	2011
10057	人类火法	1	119	100	2088	17369	204	204	408	204	816	408	204	1	10000	1009
10058	狗女	1	189	100	2300	22202	287	287	431	287	574	1147	287	1	10000	2000	2032
10059	猪	1	162	100	1667	15340	291	388	388	291	388	388	388	1	10000	1037
10060	豪猪战士	1	190	120	2501	23025	272	543	543	272	815	543	408	1	10000	2043	1056
10061	猪	1	162	100	1735	15968	300	399	399	300	399	399	399	1	10000	1037
10062	豪猪战士	1	190	120	2604	23964	280	559	559	280	838	559	419	1	10000	2043	1056
10063	猪	1	162	100	1804	16596	308	410	410	308	410	410	410	1	10000	2037
10064	豪猪猎人	1	192	120	2952	22138	287	574	574	287	861	574	431	1	10000	2003	2005
10065	猪	1	162	100	1907	17552	316	421	421	316	421	421	421	1	10000	2037
10066	豪猪祭司	3	191	120	1978	24590	320	320	480	320	640	1280	320	1	10000	2018	2011
10067	鱼人	1	181	100	1565	14407	225	225	450	562	675	450	225	1	10000	2035
10068	水元素	1	183	100	2348	21610	605	303	605	454	907	605	303	1	10000	3099	2004
10069	食人魔战士	1	107	100	2567	18907	630	270	360	180	180	720	540	1	10000	2043
10070	食人魔法师	1	109	100	4028	26789	500	375	500	250	750	1000	500	1	10000	2009	3096
10071	土元素	2	131	100	2690	19807	899	257	257	257	257	257	771	1	10000	3099
10072	公主	1	182	100	3118	37972	744	496	868	496	620	496	248	1	10000	1028	1043
10073	矮人战士	1	125	100	2812	20712	540	432	432	216	648	432	324	1	10000	2038
10074	食人魔战士	1	107	100	4221	31084	889	381	508	254	254	1016	762	1	10000	2043	1056
10075	矮人战士	2	125	100	2935	21613	553	443	443	222	664	443	332	1	10000	2038
10076	土元素	2	131	100	3403	41444	1267	362	362	362	362	362	1086	1	10000	1028	1043
10077	矮人勇士	1	126	100	2363	28779	488	244	244	366	610	488	732	1	10000	2038
10078	矮人国王	1	127	100	4588	33784	994	568	568	284	852	568	426	1	10000	1056	1043
10079	普通蜘蛛	1	129	100	3180	23424	295	590	737	295	737	295	295	1	10000	2045
10080	蜘蛛战士	1	130	100	4174	30736	871	697	871	349	871	349	349	1	10000	2051	3099
10081	亡灵战士	1	155	100	2890	21284	637	510	383	255	510	510	510	1	10000	2015
10082	女妖	1	116	100	4535	30171	405	405	1416	405	1011	405	405	1	10000	2050	70
10083	食人魔法师	1	109	100	3313	22044	437	328	437	219	656	874	437	1	10000	2053
10084	食人魔战士	1	107	100	4753	35005	994	426	568	284	284	1136	852	1	10000	2043	2041
10085	龙人战士	3	140	100	3258	23999	741	494	494	494	494	494	247	1	10000	2043
10086	巫妖	1	519	120	5109	33997	357	357	1250	714	893	714	357	1	10000	2050	3083	56
10087	普通巨魔	1	144	100	3057	27515	378	504	504	630	504	504	504	1	10000	2012
10088	巨魔女法师	1	174	100	5274	35083	379	379	569	379	1137	1516	379	1	10000	2053	56
10089	蛇	1	165	100	3467	25536	300	750	450	1050	450	300	300	1	10000	2035
10090	三头龙	1	159	100	5201	38299	1547	967	387	387	387	387	774	1	10000	2050	3096
10091	巨魔战士	3	145	100	3572	26301	551	368	368	735	735	368	551	1	10000	2043
10092	巨魔术士	1	146	100	4627	46027	759	948	948	380	380	380	1138	1	10000	2047	1011
10093	巨魔亡灵	4	148	100	3675	27072	720	432	432	432	432	432	864	1	10000	1020	1033
10094	巨魔祭司	1	147	100	4762	47368	437	437	656	437	874	1748	437	1	10000	2018	1011
10095	绿色树精	4	112	100	3780	27842	849	425	425	425	425	425	849	1	10000	1043
10096	蓝色树精	4	175	120	4896	48716	1138	569	569	569	569	569	1138	1	10000	2027	1029
10097	鱼人	1	181	100	3885	28608	312	312	623	778	934	623	312	1	10000	2035
10098	水元素	2	183	100	5826	42911	835	418	835	626	1252	835	418	1	10000	3099	2004
10099	人类勇士	4	123	100	3082	37539	1206	345	345	345	345	345	1034	1	10000	2041
10100	德鲁伊	1	184	100	7381	73434	462	462	693	462	924	1848	462	1	10000	2027	1029
10101	食人魔战士	1	107	100	5962	43908	882	378	504	252	252	1008	756	1	10000	2037
10102	食人魔国王	1	108	100	8944	65864	994	332	442	442	442	1767	994	1	10000	2044	2014
10103	龙人战士	1	140	100	6239	45952	880	587	587	587	587	587	294	1	10000	2036
10104	飞龙	3	139	100	9784	65094	501	751	751	1752	751	501	501	1	10000	2009	3096
10105	巨魔术士	3	146	100	5627	55986	643	804	804	322	322	322	964	1	10000	2045
10106	巨魔萨满	1	514	100	9774	71985	400	1200	600	600	1200	800	800	1	10000	2018	66
10107	飞龙	1	139	100	7102	47250	387	580	580	1352	580	387	387	1	10000	2009
10108	哈卡之魂	1	1009	80	8800	87548	456	684	684	1595	1368	456	456	1	10000	2051	89
10109	亡灵战士	3	155	100	7070	52066	831	665	499	333	665	665	665	1	10000	1012
10110	痛苦术士	1	507	100	9158	91112	892	1114	1114	446	446	446	1337	1	10000	1047	70
10111	穴居人	1	151	100	6345	63123	400	400	1398	400	999	400	400	1	10000	1035
10112	人类女盗贼	1	508	100	11020	81156	472	472	943	1178	1414	943	472	1	10000	2006	2008
10113	亡灵战士	1	155	100	7630	56184	859	687	516	344	687	687	687	1	10000	1012
10114	亡灵战士	1	155	120	11446	84292	1151	921	691	461	921	921	921	1	10000	2015	1056
10115	人类冰法	1	118	100	8432	56105	413	413	1444	413	1031	413	413	1	10000	1050
10116	人类奥法	2	117	120	12650	84150	553	1935	830	553	1106	553	553	1	10000	63	1011
10117	土元素	2	131	100	6568	79992	1403	401	401	401	401	401	1203	1	10000	1041
10118	土元素	1	131	120	9853	119979	1880	538	538	538	538	538	1612	1	10000	2028	1043
10119	矮人战士	1	125	100	8935	65800	836	669	669	335	1003	669	502	1	10000	2043
10120	火元素	2	132	100	14011	93219	502	502	1004	753	1506	1506	502	1	10000	2009	3096
10121	矮人勇士	1	126	100	7240	88166	732	366	366	549	914	732	1097	1	10000	2041
10122	矮人国王	1	127	100	14055	103499	1487	850	850	425	1274	850	637	1	10000	1056	2043
10123	女妖	1	116	100	10249	68183	439	439	1536	439	1097	439	439	1	10000	2050
10124	穴居人	1	151	100	12701	126347	588	588	2057	588	1470	588	588	1	10000	1035
10125	暗影元素	1	171	100	13914	92571	446	668	668	1558	668	446	446	1	10000	2045
10126	法力元素	1	157	100	20871	138862	571	571	856	571	1141	2282	571	1	10000	2018	1011
10127	亡灵战士	1	155	100	13938	102651	956	765	574	383	765	765	765	1	10000	2012
10128	女妖	2	116	100	21866	145462	606	606	2118	606	1513	606	606	1	10000	2051	70
10129	缝合怪	1	150	100	12647	125817	1535	439	439	439	439	439	1315	1	10000	2035
10130	憎恶	1	172	100	18971	188724	1689	483	724	483	965	1930	483	1	10000	2039	2020
10131	亡灵战士	2	155	100	15365	113144	984	787	590	394	787	787	787	1	10000	2012
10132	人类亡灵勇士	4	115	100	19903	198002	508	1015	1015	1015	1522	1015	761	1	10000	2015	1056
10133	食人魔祭司	1	110	100	13890	138192	451	451	677	451	902	1804	451	1	10000	1046
10134	食人魔战士	1	107	100	24126	177668	1519	651	868	434	434	1736	1302	1	10000	2044	2026
10135	普通蜘蛛	1	129	100	16803	123747	478	956	1195	478	1195	478	478	1	10000	2045
10136	蜘蛛战士	1	130	100	25206	185616	1408	1127	1408	564	1408	564	564	1	10000	3099	2004
10137	食人魔战士	1	107	100	17523	129050	1166	500	666	333	333	1332	999	1	10000	2043
10138	食人魔法师	1	109	100	27480	182816	921	691	921	461	1382	1842	921	1	10000	2050	84
10139	食人魔法师	1	109	100	19019	126537	697	523	697	349	1046	1394	697	1	10000	2053
10140	食人魔国王	1	108	100	27290	200966	1329	443	591	591	591	2362	1329	1	10000	1056	2043
10141	兽人法师	1	103	100	20090	133662	391	587	782	391	1173	1564	587	1	10000	2050
10142	兽人战士	2	101	100	28826	212283	786	1047	1047	1309	1047	1047	1047	1	10000	2044	2026
10143	龙人护卫	1	141	100	17362	172715	1688	483	483	483	483	483	1447	1	10000	2041
10144	飞龙	1	139	100	31526	209729	675	1013	1013	2363	1013	675	675	1	10000	2009	3096
10145	兽人战士	1	101	100	20990	154563	602	803	803	1003	803	803	803	1	10000	2015
10146	三头龙	1	159	100	31484	231845	2407	1504	602	602	602	602	1204	1	10000	2050	3096
10147	龙人法师	2	143	100	22869	152144	981	589	785	393	981	1177	785	1	10000	2053
10148	龙人护卫	1	141	100	25355	308757	2319	663	663	663	663	663	1987	1	10000	2043	2026
10149	蝙蝠	1	173	100	22760	167619	524	786	786	1833	786	524	524	1	10000	1036
10150	巨魔战士	1	145	100	34142	251417	1157	772	772	1543	1543	772	1157	1	10000	2043	1056
10151	蛇	1	165	100	23647	174137	486	1215	729	1701	729	486	486	1	10000	2025
10152	巨魔女法师	1	174	100	37083	246693	625	625	938	625	1875	2499	625	1	10000	2050	3096
10153	普通蜘蛛	4	129	100	24856	183041	537	1074	1342	537	1342	537	537	1	10000	2045
10154	巨魔祭司	1	147	100	32205	320370	688	688	1032	688	1375	2750	688	1	10000	2018	2019
10155	迅猛龙	1	161	100	28272	208205	443	443	443	1107	1329	1771	443	1	10000	1036
10156	巨魔战士	1	145	100	42409	312286	1200	800	800	1600	1600	800	1200	1	10000	2043	1056
10157	普通巨魔	1	144	100	28808	259283	648	864	864	1080	864	864	864	1	10000	2012
10158	三头龙	1	159	100	47534	350033	2591	1620	648	648	648	648	1296	1	10000	2050	3096
10159	老虎	4	168	100	35109	258532	907	454	907	1134	1361	907	454	1	10000	1036
10160	巨魔术士	1	146	100	45482	452436	1261	1576	1576	631	631	631	1891	1	10000	2047	2023
10161	巨魔亡灵	3	148	100	37462	275861	1191	715	715	715	715	715	1430	1	10000	2020	1033
10162	巨魔萨满	1	514	100	48530	482758	592	1776	888	888	1776	1184	1184	1	10000	2018	66
10163	巨魔战士	1	145	100	39815	293189	940	627	627	1253	1253	627	940	1	10000	1038
10164	哈卡	2	193	100	51579	513081	812	1082	1353	541	1623	1623	1353	1	10000	2051	89
10165	石像鬼	1	135	100	32583	396777	1929	551	551	551	551	551	1653	1	10000	2051
10166	巨魔女法师	1	174	100	66127	439906	679	679	1018	679	2036	2714	679	1	10000	2053	3096
10167	熊	4	169	100	38446	382445	1951	558	558	558	558	558	1672	1	10000	2041
10168	巨魔术士	1	146	100	57669	573672	1320	1650	1650	660	660	660	1980	1	10000	2047	2023
10169	飞龙	1	139	100	52472	349076	590	884	884	2062	884	590	590	1	10000	2009
10170	巨魔战士	1	145	100	75287	554408	1301	868	868	1735	1735	868	1301	1	10000	2043	2026
10171	老虎	1	168	100	55866	411398	971	486	971	1214	1457	971	486	1	10000	1036
10172	巨魔亡灵	3	148	100	83800	617091	1687	1012	1012	1012	1012	1012	2024	1	10000	2020	1033
10173	巨魔术士	4	146	100	53150	528720	1020	1274	1274	510	510	510	1529	1	10000	2047
10174	巨魔祭司	1	147	100	87078	796559	771	771	1157	771	1542	3084	771	1	10000	2046	1028	2032
10175	巨魔战士	3	145	100	67218	494980	1005	670	670	1340	1340	670	1005	1	10000	2043	2016
10176	巨魔萨满	1	514	100	108560	876386	640	1920	960	960	1920	1280	1280	1	10000	2018	2020	66
20027	人类士兵	1	122	80	520	3832	47	63	63	47	63	63	63	1	10000		7	1006
20028	迪菲亚	3	180	100	783	5782	41	81	101	101	61	61	41	1	10000	1017	7	2008
20030	普通豺狼	1	167	100	895	6593	48	48	166	48	119	48	48	1	10000		2042	2035
20029	痛苦术士	1	507	120	1159	11543	96	120	120	48	48	48	144	1	10000	2047	1019	2049
20031	火元素	1	132	80	1415	9425	93	93	185	139	277	277	93	1	10000		98	1009
20032	火元素战士	2	133	120	2031	14969	222	111	222	167	222	222	222	1	10000	2048	1016	2005
20033	人类勇士	2	123	80	1589	19355	701	201	201	201	201	201	601	1	10000		1013	1041
20034	狗男	1	188	120	2674	24066	410	410	410	308	410	410	410	1	10000	1056	1016	1015
20080	狗女	4	189	120	2308	20782	241	241	361	241	482	963	241	1	10000	1000	1020	1002
20035	土元素	1	131	80	2000	24383	877	251	251	251	251	251	751	1	10000		89	2043
20036	公主	1	182	100	4000	73148	648	432	756	432	540	432	216	1	10000	1055	89	1039
20037	女妖	1	116	100	4710	31366	315	315	1100	315	786	315	315	1	10000		3083	1050
20038	巫妖	4	519	120	7070	47040	320	320	1118	639	798	639	320	1	10000	86	1010	3103
20023	巨魔术士	1	146	80	5350	53267	598	299	598	747	897	598	299	1	10000			1053
20039	巨魔祭司	1	147	80	5470	54442	351	351	527	351	702	1403	351	1	10000	1029		1046
20040	三头龙	1	159	100	8876	65382	1549	968	388	388	388	388	775	1	10000	1050	1033	3096
20087	食人魔国王	1	108	100	8273	60928	953	318	424	424	424	1694	953	1	10000	3087	3088	3091
20089	食人魔战士	2	107	100	8273	60928	1135	487	649	325	325	1297	973	1	10000	3092	3085
20085	灰色树精	3	175	100	8273	60928	1153	577	577	577	577	577	1153	1	10000	3086	3085	3084
20083	德鲁伊	4	184	120	8273	60928	451	451	677	451	902	1804	451	1	10000	3095	3093	3094
20041	水元素	1	183	120	8273	60928	830	415	830	623	1245	830	415	1	10000			1035
20043	人类火法	1	119	80	11810	78586	481	481	961	481	1921	961	481	1	10000		2007	2009
20044	人类冰法	1	118	120	17719	117892	629	629	2200	629	1571	629	629	1	10000	3096
20045	亡灵战士	1	155	100	17034	125446	1218	975	731	488	975	975	975	1	10000			2012
20046	阿尔萨斯	2	134	100	22074	219600	1087	1087	1087	1087	1087	1087	1087	1	10000	3060	78	1043
20001	龙人法师	1	143	100	17719	214672	1192	715	954	477	1192	1430	954	1	10000			1009
20047	龙人护卫	1	141	90	17628	214674	2104	601	601	601	601	601	1803	1	10000			1036
20048	龙人将军	3	142	100	34220	252010	1716	858	1144	1144	572	1144	1716	1	10000	1056	2013	1043
20049	巨魔术士	1	146	100	26385	262498	1110	555	1110	1387	1665	1110	555	1	10000			1045
20050	哈卡	1	193	100	39580	393732	870	1160	1450	580	1740	1740	1450	1	10000	1051	1013	89
20003	熊	1	169	100	76384	562470	1947	557	557	557	1113	1669	1669	1	10000		1001	1014
20004	老虎	3	168	100	76384	562470	1195	598	1195	1494	1793	1195	598	1	10000		1042	1035
20005	蝙蝠	3	173	100	76384	562470	734	1100	1100	2566	1100	734	734	1	10000		1054	1049
20006	飞龙	2	139	100	76384	562470	734	1100	1100	2566	1100	734	734	1	10000		3096	1024
20052	巨魔萨满	1	514	120	76951	738748	692	2074	1037	1037	2074	1383	1383	1	10000	2018	3020	66
20017	人类火法	1	119	80	484	3380	49	49	97	49	193	97	49	1	10000		1007	1009
20053	人类士兵	1	122	80	780	5748	67	89	89	67	89	89	89	1	10000	2024	1007	2006
20054	迪菲亚	3	180	100	1174	8673	59	117	146	146	88	88	59	1	10000	2017	1007	3008
20056	狼人	1	177	80	882	6515	126	95	157	126	126	63	63	1	10000	2035	1016	1004
20055	痛苦术士	1	507	120	1145	11414	138	172	172	69	69	69	207	1	10000	2045	2019	2023
20057	火元素	1	132	80	1558	10368	134	134	267	201	401	401	134	1	10000	3102	2007	2009
20058	火元素战士	2	133	120	2236	16467	319	160	319	239	319	319	319	1	10000	3048	2016	3005
20059	人类勇士	1	123	80	1749	21315	1009	289	289	289	289	289	865	1	10000	1040	2013	2041
20060	狗男	2	188	120	2944	21687	591	591	591	443	591	591	591	1	10000	1056	2016	2015
20081	狗女	4	189	120	3826	28191	347	347	520	347	694	1387	347	1	10000	2000	1020	2002
20061	土元素	1	131	80	2772	26825	1263	361	361	361	361	361	1082	1	10000	3028	89	3043
20062	公主	1	182	100	6098	80475	934	623	1090	623	779	623	312	1	10000	1055	89	2039
20063	女妖	1	116	100	5184	34493	453	453	1585	453	1132	453	453	1	10000		3083	2050
20064	巫妖	4	519	120	7776	51749	460	460	1609	920	1149	920	460	1	10000	86	1010	3103
20082	巨魔术士	4	146	80	6019	59883	894	1117	1117	447	447	447	1341	1	10000
20065	巨魔祭司	1	147	100	6019	59883	505	505	758	505	1010	2020	505	1	10000	2029		2046
20066	三头龙	1	159	100	9766	71928	2231	1394	558	558	558	558	1116	1	10000	2050	2033	3096
20042	水元素	1	183	120	8800	73102	1196	598	1196	897	1794	1196	598	1	10000		1054
20084	德鲁伊	3	184	120	8800	73102	650	650	975	650	1300	2600	650	1	10000	3095	3093	1032
20086	灰色树精	1	175	100	8800	73102	1661	831	831	831	831	831	1661	1	10000	3084	3085
20088	食人魔国王	2	108	100	8800	73102	1373	458	611	611	611	2441	1373	1	10000	3087	3088	3091
20090	食人魔战士	4	107	100	8800	73102	1635	701	935	468	468	1869	1402	1	10000	3092	3085	3089
20069	人类火法	1	119	80	12992	86446	692	692	1384	692	2767	1384	692	1	10000			2009
20070	人类冰法	1	118	120	19492	129677	905	905	3167	905	2262	905	905	1	10000			3096
20071	亡灵战士	1	155	100	18729	137936	1754	1403	1053	702	1403	1403	1403	1	10000	3012
20072	阿尔萨斯	2	134	100	28094	206897	1565	1565	1565	1565	1565	1565	1565	1	10000	1043	78	3060
20002	龙人法师	2	143	100	14916	181644	1716	1030	1373	687	1716	2060	1373	1	10000			2009
20073	龙人护卫	1	141	90	19391	236139	3030	866	866	866	866	866	2597	1	10000			1056
20074	龙人将军	3	142	100	37642	277200	2473	1237	1649	1649	825	1649	2473	1	10000	1043	2013	1056
20026	巨魔祭司	1	147	100	26385	262496	938	938	1407	938	1876	3752	938	1	10000	1046
20075	巨魔术士	1	146	100	29024	288742	1660	2075	2075	830	830	830	2490	1	10000
20076	哈卡	1	193	100	43537	433112	1253	1671	2088	836	2506	2506	2088	1	10000	1051	1013	89
20007	熊	1	169	100	38205	366778	2804	801	801	801	1602	2403	2403	1	10000		2001	2014
20008	老虎	3	168	100	38205	366778	1721	861	1721	2151	2581	1721	861	1	10000		2042	2035
20009	蝙蝠	3	173	100	38205	366778	1056	1584	1584	3696	1584	1056	1056	1	10000		2054	2049
20010	飞龙	1	139	100	38205	366778	1056	1584	1584	3696	1584	1056	1056	1	10000		3096	2024
20078	巨魔萨满	1	514	120	86616	831521	996	2987	1494	1494	2987	1992	1992	1	10000	2018	3020	66
20079	狗男	1	188	100	2400	32202	489	489	489	367	489	489	489	1	10000	3015	3016	1056
100001	阿尔萨斯	1	501	80	500	4000	1	1	1	1	1	1	1	1	1	1	2	3
100002	暗夜女贼	1	508	80	500	4000	1	1	1	1	1	1	1	1	1	7	8	9
100003	吉安娜女法	1	502	80	500	4000	1	1	1	1	1	1	1	1	1	10	11	12
100004	矮人火枪	1	503	80	500	4000	1	1	1	1	1	1	1	1	1	4	5	6
100005	剑圣	1	504	80	500	4000	1	1	1	1	1	1	1	1	1	16	17	18
100006	兽王	3	505	80	500	4000	1	1	1	1	1	1	1	1	1	25	26	27
100007	痛苦术士	2	507	80	500	4000	1	1	1	1	1	1	1	1	1	22	23	24
100008	牛头酋长	3	506	80	500	4000	1	1	1	1	1	1	1	1	1	13	14	15
100009	萨满	4	509	80	500	4000	1	1	1	1	1	1	1	1	1	19	20	21
100010	树人	4	510	80	500	4000	1	1	1	1	1	1	1	1	1	28	29	30
100011	血精灵祭祀	4	511	80	500	4000	1	1	1	1	1	1	1	1	1	31	32	33
100012	阿尔萨斯	1	501	80	500	4000	1	1	1	1	1	1	1	1	1	1	2	3
100013	暗夜女贼	1	508	80	500	4000	1	1	1	1	1	1	1	1	1	7	8	9
100014	吉安娜女法	1	502	80	500	4000	1	1	1	1	1	1	1	1	1	10	11	12
100015	矮人火枪	1	503	80	500	4000	1	1	1	1	1	1	1	1	1	4	5	6
100016	剑圣	1	504	80	500	4000	1	1	1	1	1	1	1	1	1	16	17	18
100017	兽王	3	505	80	500	4000	1	1	1	1	1	1	1	1	1	25	26	27
100018	痛苦术士	2	507	80	500	4000	1	1	1	1	1	1	1	1	1	22	23	24
100019	牛头酋长	3	506	80	500	4000	1	1	1	1	1	1	1	1	1	13	14	15
100020	萨满	4	509	80	500	4000	1	1	1	1	1	1	1	1	1	19	20	21
100021	树人	4	510	80	500	4000	1	1	1	1	1	1	1	1	1	28	29	30
100022	血精灵祭祀	4	511	80	500	4000	1	1	1	1	1	1	1	1	1	31	32	33
100023	阿尔萨斯	1	501	80	500	4000	1	1	1	1	1	1	1	1	1	1	2	3
100024	暗夜女贼	1	508	80	500	4000	1	1	1	1	1	1	1	1	1	7	8	9
100025	吉安娜女法	1	502	80	500	4000	1	1	1	1	1	1	1	1	1	10	11	12
100026	矮人火枪	1	503	80	500	4000	1	1	1	1	1	1	1	1	1	4	5	6
100027	剑圣	1	504	80	500	4000	1	1	1	1	1	1	1	1	1	16	17	18
100028	兽王	3	505	80	500	4000	1	1	1	1	1	1	1	1	1	25	26	27
100029	痛苦术士	2	507	80	500	4000	1	1	1	1	1	1	1	1	1	22	23	24
100030	牛头酋长	3	506	80	500	4000	1	1	1	1	1	1	1	1	1	13	14	15
100031	萨满	4	509	80	500	4000	1	1	1	1	1	1	1	1	1	19	20	21
100032	树人	4	510	80	500	4000	1	1	1	1	1	1	1	1	1	28	29	30
100033	血精灵祭祀	4	511	80	500	4000	1	1	1	1	1	1	1	1	1	31	32	33
100034	阿尔萨斯	1	501	80	500	4000	1	1	1	1	1	1	1	1	1	1	2	3
100035	暗夜女贼	1	508	80	500	4000	1	1	1	1	1	1	1	1	1	7	8	9
100036	吉安娜女法	1	502	80	500	4000	1	1	1	1	1	1	1	1	1	10	11	12
100037	矮人火枪	1	503	80	500	4000	1	1	1	1	1	1	1	1	1	4	5	6
100038	剑圣	1	504	80	500	4000	1	1	1	1	1	1	1	1	1	16	17	18
100039	兽王	3	505	80	500	4000	1	1	1	1	1	1	1	1	1	25	26	27
100040	痛苦术士	2	507	80	500	4000	1	1	1	1	1	1	1	1	1	22	23	24
100041	牛头酋长	3	506	80	500	4000	1	1	1	1	1	1	1	1	1	13	14	15
100042	萨满	4	509	80	500	4000	1	1	1	1	1	1	1	1	1	19	20	21
100043	树人	4	510	80	500	4000	1	1	1	1	1	1	1	1	1	28	29	30
100044	血精灵祭祀	4	511	80	500	4000	1	1	1	1	1	1	1	1	1	31	32	33
100045	阿尔萨斯	1	501	80	500	4000	1	1	1	1	1	1	1	1	1	1	2	3
100046	暗夜女贼	1	508	80	500	4000	1	1	1	1	1	1	1	1	1	7	8	9
100047	吉安娜女法	1	502	80	500	4000	1	1	1	1	1	1	1	1	1	10	11	12
100048	矮人火枪	1	503	80	500	4000	1	1	1	1	1	1	1	1	1	4	5	6
100049	剑圣	1	504	80	500	4000	1	1	1	1	1	1	1	1	1	16	17	18
100050	兽王	3	505	80	500	4000	1	1	1	1	1	1	1	1	1	25	26	27
100051	痛苦术士	2	507	80	500	4000	1	1	1	1	1	1	1	1	1	22	23	24
100052	牛头酋长	3	506	80	500	4000	1	1	1	1	1	1	1	1	1	13	14	15
100053	萨满	4	509	80	500	4000	1	1	1	1	1	1	1	1	1	19	20	21
100054	树人	4	510	80	500	4000	1	1	1	1	1	1	1	1	1	28	29	30
100055	血精灵祭祀	4	511	80	500	4000	1	1	1	1	1	1	1	1	1	31	32	33
100056	阿尔萨斯	1	501	80	500	4000	1	1	1	1	1	1	1	1	1	1	2	3
100057	暗夜女贼	1	508	80	500	4000	1	1	1	1	1	1	1	1	1	7	8	9
100058	吉安娜女法	1	502	80	500	4000	1	1	1	1	1	1	1	1	1	10	11	12
100059	矮人火枪	1	503	80	500	4000	1	1	1	1	1	1	1	1	1	4	5	6
100060	剑圣	1	504	80	500	4000	1	1	1	1	1	1	1	1	1	16	17	18
100061	兽王	3	505	80	500	4000	1	1	1	1	1	1	1	1	1	25	26	27
100062	痛苦术士	2	507	80	500	4000	1	1	1	1	1	1	1	1	1	22	23	24
100063	牛头酋长	1	506	80	500	4000	1	1	1	1	1	1	1	1	1	13	14	15
30101	阿尔萨斯	1	501	80	462	8000	1	1	1000	1	1	1	800	0	10000	1		30001
30102	骷髅兵	1	155	150	1450	10000	1	1	1000	1	1	1	800	0	10000	30024	1016
30103	亡灵仆从	1	151	100	462	3300	1	1	1000	1	1	1	800	0	10000
30104	树人	1	510	80	420	6000	1	1	1000	1	1	1	800	0	10000			30022
30105	剑圣	1	504	80	830	5000	1	1	1000	1	1	1	800	0	10000			30019
30106	火枪手	1	503	80	530	7000	1	1	1000	1	1	1	800	0	10000			30023
30107	山丘之王	1	513	80	370	10000	1	1	1000	1	1	1	800	0	10000			30020
30108	盗贼	1	508	80	620	5000	1	1	1000	1	1	1	800	0	10000			30018
30109	守望者	1	517	80	430	6000	1	1	1000	1	1	1	800	0	10000			30021
30201	阿尔萨斯	1	501	80	320	10000	1	1	1000	1	1	1	800	0	10000	1
30202	巫妖	1	519	100	320	319	1	1	1000	1	1	1	800	0	10000	30002
30203	亡灵士兵	1	120	80	710	850	1	1	1000	1	1	1	800	0	10000
30204	吉安娜	1	502	80	320	319	1	1	1000	1	1	1	800	0	10000
30301	阿尔萨斯	1	501	80	1200	3000	1	1	1000	1	1	1	800	0	10000	1
30302	吉安娜	1	502	80	320	319	1	1	1000	1	1	1	800	0	10000
30303	亡灵头领	1	172	100	900	5000	1	1	1000	1	1	1	800	0	10000
30304	亡灵战士	1	120	80	1100	800	1	1	1000	1	1	1	800	0	10000
30401	幽灵守护者头领	1	116	100	2320	25000	1	1	1000	1	1	1	800	0	10000	30003	30004
30402	阿尔萨斯	1	501	80	1320	18000	1	1	1000	1	1	1	800	0	10000	30005
30403	山丘之王	1	513	80	1500	20000	1	1	1000	1	1	1	800	0	10000
30404	幽灵守护者	1	157	80	1200	4000	1	1	1000	1	1	1	800	0	10000
30501	阿尔萨斯	1	134	80	800	12000	1	1	1000	1	1	1	800	0	10000	30005
30502	恐惧魔王	1	152	120	2000	40000	1	1	1000	1	1	1	800	0	10000	30006	30004	1033
30503	亡灵士兵	1	122	80	965	6276	1	1	1000	1	1	1	800	0	10000	1018	1001	1046
30601	死亡骑士	1	134	100	3000	12000	1	1	1000	1	1	1	800	0	10000			30007
30602	吉安娜	1	502	80	320	319	1	1	1000	1	1	1	800	0	10000
30603	亡灵士兵	1	120	80	856	6421	1	1	1000	1	1	1	800	0	10000	1015	1016	1056
30701	伊利丹怒风	1	515	130	8000	50000	1	1	1000	1	1	1	800	0	10000	30008
30702	玛法里奥怒风	1	184	80	320	319	1	1	1000	1	1	1	800	0	10000	30009
30703	恶魔随从	1	173	80	1106	6796	1	1	1000	1	1	1	800	0	10000
30801	伊利丹怒风	1	515	130	8000	80000	1	1	1000	1	1	1	800	0	10000	30008	30004	67
30802	玛法里奥怒风	1	184	80	1500	12000	1	1	1000	1	1	1	800	0	10000	30010
30803	守望者	1	517	80	4000	25000	1	1	1000	1	1	1	800	0	10000
30804	恶魔随从	1	173	80	880	8939	1	1	1000	1	1	1	800	0	10000	1037	98	1056
30901	伊利丹怒风	1	515	130	8000	30000	1	1	1000	1	1	1	800	0	10000	30008
30902	玛法里奥怒风	1	184	80	1500	12000	1	1	1000	1	1	1	800	0	10000	30010
30903	亡灵头领	1	118	100	3000	80000	1	1	1000	1	1	1	800	0	10000	1015	1056
30904	亡灵士兵	1	120	80	1800	20000	1	1	1000	1	1	1	800	0	10000
31001	伊利丹怒风	1	515	130	15000	150000	1	1	1000	1	1	1	800	0	10000	30008	1033	30011
31101	守望者	1	517	120	4000	80000	1	1	1000	1	1	1	800	0	10000	30013
31102	凯尔萨斯逐日者	1	526	100	5000	16000	1	1	1000	1	1	1	800	0	10000	30014
31103	守望随从	1	122	80	150	24000	1	1	1000	1	1	1	800	0	10000		30012
31201	伊利丹怒风	1	515	80	8000	80000	1	1	1000	1	1	1	800	0	10000	30008
31202	马斯里顿	1	1013	80	5000	180000	1	1	1000	1	1	1	800	0	10000	30015
31203	龙人战士	1	142	80	5000	80000	1	1	1000	1	1	1	800	0	10000
31301	伊利丹怒风	1	515	130	16000	240000	1	1	1000	1	1	1	800	0	10000			30016
31302	死亡骑士	1	134	130	30000	320000	1	1	1000	1	1	1	800	0	10000			30017
31303	亡灵士兵	1	118	80	320	319	1	1	1000	1	1	1	800	0	10000
