type	picture	name	phase	sort	tab	seat	quality	strenthenCoinFactor	strenthenSuccessFactor	strenthenSuccessFactor	limitLevel	Price	attack	hp	defend	puncture	hit	dodge	crit	critPercentage	anitCrit	toughness	state	desc	maxSocket	limitHero	avatar
999999	icon_101025	无敌之剑	1	6	5	1	6	0	10	10	1	1	999999	999999	999999	999999	999999	999999	999999	999999	999999	9999999	0	无敌的，知道么，无敌！	5		weapon_101025
101000	icon_101001	夜刃	1	1	5	1	1	0.1	3	3	2	200	60	210	20	20	20	20	20	20	20	0	0	一阶1级长剑，1级可以使用，可以在主线或者银牙城堡低级副本中获得	1		weapon_101001
101001	icon_101001	夜刃	1	1	5	1	2	0.15	2.8	2.8	4	300	72	252	24	24	24	24	24	24	24	0	0	一阶2级长剑，3级可以使用，可以通过合成获得	2		weapon_101001
101002	icon_101001	夜刃	1	1	5	1	2	0.2	2.6	2.6	6	400	78	273	26	26	26	26	26	26	26	0	0	一阶3级长剑，5级可以使用，可以在银牙城堡中低级副本中获得	2		weapon_101001
101003	icon_101001	夜刃	1	1	5	1	3	0.25	2.4	2.4	8	500	108	378	36	36	36	36	36	36	36	0	0	一阶4级长剑，7级可以使用，可以通过合成获得	3		weapon_101001
101004	icon_101005	鞭笞者	2	1	5	1	3	0.3	2.2	2.2	10	600	96	336	32	32	32	32	32	32	32	0	0	一阶5级长剑，9级可以使用，可以在银牙城堡中高级副本中获得	3		weapon_101005
101005	icon_101005	鞭笞者	2	1	5	1	4	0.35	2	2	12	700	108	378	36	36	36	36	36	36	36	0	0	一阶6级长剑，10级可以使用，可以通过合成获得	4		weapon_101005
101006	icon_101005	鞭笞者	2	1	5	1	4	0.4	1.8	1.8	14	800	114	399	38	38	38	38	38	38	38	0	0	一阶7级长剑，11级可以使用，可以在银牙城堡高级副本中获得	4		weapon_101005
101007	icon_101005	鞭笞者	2	1	5	1	5	0.45	1.6	1.6	15	900	126	441	42	42	42	42	42	42	42	0	0	一阶8级长剑，12级可以使用，可以通过合成获得	5		weapon_101005
101008	icon_101009	瑞文之剑	3	1	5	1	1	0.3	2.5	2.5	16	1000	114	399	38	38	38	38	38	38	38	0	0	二阶1级长剑，13级可以使用，可以在主线或者血色教堂低级副本中获得	1		weapon_101009
101009	icon_101009	瑞文之剑	3	1	5	1	2	0.35	2.3	2.3	17	1100	126	441	42	42	42	42	42	42	42	0	0	二阶2级长剑，14级可以使用，可以通过合成获得	2		weapon_101009
101010	icon_101009	瑞文之剑	3	1	5	1	2	0.4	2.1	2.1	18	1200	132	462	44	44	44	44	44	44	44	0	0	二阶3级长剑，15级可以使用，可以在血色教堂中低级副本中获得	2		weapon_101009
101011	icon_101009	瑞文之剑	3	1	5	1	3	0.45	1.9	1.9	19	1300	162	567	54	54	54	54	54	54	54	0	0	二阶4级长剑，16级可以使用，可以通过合成获得	3		weapon_101009
101012	icon_101013	命运	4	1	5	1	3	0.5	1.7	1.7	20	1400	150	525	50	50	50	50	50	50	50	0	0	二阶5级长剑，17级可以使用，可以在血色教堂中高级副本中获得	3		weapon_101013
101013	icon_101013	命运	4	1	5	1	4	0.55	1.5	1.5	21	1500	162	567	54	54	54	54	54	54	54	0	0	二阶6级长剑，18级可以使用，可以通过合成获得	4		weapon_101013
101014	icon_101013	命运	4	1	5	1	4	0.6	1.3	1.3	22	1600	168	588	56	56	56	56	56	56	56	0	0	二阶7级长剑，19级可以使用，可以在血色教堂高级副本中获得	4		weapon_101013
101015	icon_101013	命运	4	1	5	1	5	0.65	1.1	1.1	23	1700	180	630	60	60	60	60	60	60	60	0	0	二阶8级长剑，20级可以使用，可以通过合成获得	5		weapon_101013
101016	icon_101017	台风	5	1	5	1	1	0.5	2	2	24	1800	168	588	56	56	56	56	56	56	56	0	0	三阶1级长剑，21级可以使用，可以在主线或者祖尔神迹低级副本中获得	1		weapon_101017
101017	icon_101017	台风	5	1	5	1	2	0.55	1.85	1.85	25	1900	180	630	60	60	60	60	60	60	60	0	0	三阶2级长剑，22级可以使用，可以通过合成获得	2		weapon_101017
101018	icon_101017	台风	5	1	5	1	2	0.6	1.7	1.7	26	2000	186	651	62	62	62	62	62	62	62	0	0	三阶3级长剑，23级可以使用，可以在祖尔神迹中低级副本中获得	2		weapon_101017
101019	icon_101017	台风	5	1	5	1	3	0.65	1.55	1.55	27	2100	216	756	72	72	72	72	72	72	72	0	0	三阶4级长剑，24级可以使用，可以通过合成获得	3		weapon_101017
101020	icon_101021	屠戮者	6	1	5	1	3	0.7	1.4	1.4	28	2200	210	735	70	70	70	70	70	70	70	0	0	三阶5级长剑，25级可以使用，可以在祖尔神迹中高级副本中获得	3		weapon_101021
101021	icon_101021	屠戮者	6	1	5	1	4	0.75	1.25	1.25	29	2300	222	777	74	74	74	74	74	74	74	0	0	三阶6级长剑，26级可以使用，可以通过合成获得	4		weapon_101021
101022	icon_101021	屠戮者	6	1	5	1	4	0.8	1.1	1.1	30	2400	228	798	76	76	76	76	76	76	76	0	0	三阶7级长剑，27级可以使用，可以在祖尔神迹高级副本中获得	4		weapon_101021
101023	icon_101021	屠戮者	6	1	5	1	5	0.85	0.95	0.95	31	2500	240	840	80	80	80	80	80	80	80	0	0	三阶8级长剑，28级可以使用，可以通过合成获得	5		weapon_101021
101024	icon_101025	黑曜石之刃	7	1	5	1	1	0.7	1.5	1.5	32	2600	228	798	76	76	76	76	76	76	76	0	0	四阶1级长剑，29级可以使用，可以在主线或者厄运王国低级副本中获得	1		weapon_101025
101025	icon_101025	黑曜石之刃	7	1	5	1	2	0.75	1.4	1.4	33	2700	240	840	80	80	80	80	80	80	80	0	0	四阶2级长剑，30级可以使用，可以通过合成获得	2		weapon_101025
101026	icon_101025	黑曜石之刃	7	1	5	1	2	0.8	1.3	1.3	34	2800	246	861	82	82	82	82	82	82	82	0	0	四阶3级长剑，31级可以使用，可以在厄运王国中低级副本中获得	2		weapon_101025
101027	icon_101025	黑曜石之刃	7	1	5	1	3	0.85	1.2	1.2	35	2900	276	966	92	92	92	92	92	92	92	0	0	四阶4级长剑，32级可以使用，可以通过合成获得	3		weapon_101025
101028	icon_101029	辛洛斯	8	1	5	1	3	0.9	1.1	1.1	36	3000	270	945	90	90	90	90	90	90	90	0	0	四阶5级长剑，33级可以使用，可以在厄运王国中高级副本中获得	3		weapon_101029
101029	icon_101029	辛洛斯	8	1	5	1	4	0.95	1	1	37	3100	282	987	94	94	94	94	94	94	94	0	0	四阶6级长剑，34级可以使用，可以通过合成获得	4		weapon_101029
101030	icon_101029	辛洛斯	8	1	5	1	4	1	0.9	0.9	38	3200	288	1008	96	96	96	96	96	96	96	0	0	四阶7级长剑，35级可以使用，可以在厄运王国高级副本中获得	4		weapon_101029
101031	icon_101029	辛洛斯	8	1	5	1	5	1.05	0.8	0.8	39	3300	300	1050	100	100	100	100	100	100	100	0	0	四阶8级长剑，36级可以使用，可以通过合成获得	5		weapon_101029
101032	icon_101033	狂野之刃	9	1	5	1	1	0.9	1.2	1.2	40	3400	282	987	94	94	94	94	94	94	94	0	0	五阶1级长剑，37级可以使用，可以在主线或者斯坦索姆低级副本中获得	1		weapon_101033
101033	icon_101033	狂野之刃	9	1	5	1	2	0.95	1.1	1.1	41	3500	294	1029	98	98	98	98	98	98	98	0	0	五阶2级长剑，38级可以使用，可以通过合成获得	2		weapon_101033
101034	icon_101033	狂野之刃	9	1	5	1	2	1	1	1	42	3600	300	1050	100	100	100	100	100	100	100	0	0	五阶3级长剑，39级可以使用，可以在斯坦索姆中低级副本中获得	2		weapon_101033
101035	icon_101033	狂野之刃	9	1	5	1	3	1.05	0.9	0.9	43	3700	306	1071	102	102	102	102	102	102	102	0	0	五阶4级长剑，40级可以使用，可以通过合成获得	3		weapon_101033
101036	icon_101037	复仇者	10	1	5	1	3	1.1	0.8	0.8	44	3800	306	1071	102	102	102	102	102	102	102	0	0	五阶5级长剑，41级可以使用，可以在斯坦索姆中高级副本中获得	3		weapon_101037
101037	icon_101037	复仇者	10	1	5	1	4	1.15	0.7	0.7	45	3900	318	1113	106	106	106	106	106	106	106	0	0	五阶6级长剑，42级可以使用，可以通过合成获得	4		weapon_101037
101038	icon_101037	复仇者	10	1	5	1	4	1.2	0.6	0.6	46	4000	324	1134	108	108	108	108	108	108	108	0	0	五阶7级长剑，43级可以使用，可以在斯坦索姆高级副本中获得	4		weapon_101037
101039	icon_101037	复仇者	10	1	5	1	5	1.25	0.5	0.5	47	4100	330	1155	110	110	110	110	110	110	110	0	0	五阶8级长剑，44级可以使用，可以通过合成获得	5		weapon_101037
101040	icon_101041	兄弟会之剑	11	1	5	1	1	1.1	1	1	48	4200	312	1092	104	104	104	104	104	104	104	0	0	六阶1级长剑，45级可以使用，可以在主线或者黑石之翼低级副本中获得	1		weapon_101041
101041	icon_101041	兄弟会之剑	11	1	5	1	2	1.15	0.92	0.92	49	4300	324	1134	108	108	108	108	108	108	108	0	0	六阶2级长剑，46级可以使用，可以通过合成获得	2		weapon_101041
101042	icon_101041	兄弟会之剑	11	1	5	1	2	1.2	0.84	0.84	50	4400	330	1155	110	110	110	110	110	110	110	0	0	六阶3级长剑，47级可以使用，可以在黑石之翼中低级副本中获得	2		weapon_101041
101043	icon_101041	兄弟会之剑	11	1	5	1	3	1.25	0.76	0.76	51	4500	342	1197	114	114	114	114	114	114	114	0	0	六阶4级长剑，48级可以使用，可以通过合成获得	3		weapon_101041
101044	icon_101045	灰烬使者	12	1	5	1	3	1.3	0.68	0.68	52	4600	336	1176	112	112	112	112	112	112	112	0	0	六阶5级长剑，49级可以使用，可以在黑石之翼中高级副本中获得	3		weapon_101045
101045	icon_101045	灰烬使者	12	1	5	1	4	1.35	0.6	0.6	53	4700	342	1197	114	114	114	114	114	114	114	0	0	六阶6级长剑，50级可以使用，可以通过合成获得	4		weapon_101045
101046	icon_101045	灰烬使者	12	1	5	1	4	1.4	0.52	0.52	54	4800	348	1218	116	116	116	116	116	116	116	0	0	六阶7级长剑，51级可以使用，可以在黑石之翼高级副本中获得	4		weapon_101045
101047	icon_101045	灰烬使者	12	1	5	1	5	1.45	0.44	0.44	55	4900	360	1260	120	120	120	120	120	120	120	0	0	六阶8级长剑，52级可以使用，可以通过合成获得	5		weapon_101045
201001	icon_201001	督军之剑	2	1	5	1	4	1.3	0.83	0.83	35	2200	210	735	70	70	70	70	70	70	70	42	0	战场一节1级长剑，35级可以使用，附有韧性属性，可以通过战场兑换获得	4		weapon_201001
201002	icon_201001	督军之剑	4	1	5	1	4	1.35	0.78	0.78	40	2600	228	798	76	76	76	76	76	76	76	60	0	战场一节2级长剑，45级可以使用，附有韧性属性，可以通过战场兑换获得	4		weapon_201001
201003	icon_201001	督军之剑	6	1	5	1	4	1.4	0.46	0.6	45	3400	282	987	94	94	94	94	94	94	94	80	0	战场一节3级长剑，55级可以使用，附有韧性属性，可以通过战场兑换获得	4		weapon_201001
201004	icon_201002	王者之刃	8	1	5	1	4	1.45	0.4	0.55	50	4200	312	1092	104	104	104	104	104	104	104	100	0	战场二节1级长剑，56级可以使用，附有韧性属性，可以通过战场兑换获得	4		weapon_201002
201005	icon_201002	王者之刃	10	1	5	1	4	1.5	0.34	0.5	58	4900	360	1260	120	120	120	120	120	120	120	110	0	战场二节2级长剑，60级可以使用，附有韧性属性，可以通过战场兑换获得	4		weapon_201002
201006	icon_201002	王者之刃	12	1	5	1	5	1.55	0.28	0.4	60	4900	360	1260	120	120	120	120	120	120	120	120	0	战场二节3级长剑，60级可以使用，附有韧性属性，可以通过战场兑换获得	5		weapon_201002
102001	icon_102001	监护者	1	2	5	1	1	0.1	3	3	2	200	60	210	20	20	20	20	20	20	20	0	0	一阶1级锤子，1级可以使用，可以在主线或者银牙城堡低级副本中获得	1		weapon_102001
102002	icon_102001	监护者	1	2	5	1	2	0.15	2.8	2.8	4	300	72	252	24	24	24	24	24	24	24	0	0	一阶2级锤子，3级可以使用，可以通过合成获得	2		weapon_102001
102003	icon_102001	监护者	1	2	5	1	2	0.2	2.6	2.6	6	400	78	273	26	26	26	26	26	26	26	0	0	一阶3级锤子，5级可以使用，可以在银牙城堡中低级副本中获得	2		weapon_102001
102004	icon_102001	监护者	1	2	5	1	3	0.25	2.4	2.4	8	500	108	378	36	36	36	36	36	36	36	0	0	一阶4级锤子，7级可以使用，可以通过合成获得	3		weapon_102001
102005	icon_102005	技艺之锤	2	2	5	1	3	0.3	2.2	2.2	10	600	96	336	32	32	32	32	32	32	32	0	0	一阶5级锤子，9级可以使用，可以在银牙城堡中高级副本中获得	3		weapon_102005
102006	icon_102005	技艺之锤	2	2	5	1	4	0.35	2	2	12	700	108	378	36	36	36	36	36	36	36	0	0	一阶6级锤子，10级可以使用，可以通过合成获得	4		weapon_102005
102007	icon_102005	技艺之锤	2	2	5	1	4	0.4	1.8	1.8	14	800	114	399	38	38	38	38	38	38	38	0	0	一阶7级锤子，11级可以使用，可以在银牙城堡高级副本中获得	4		weapon_102005
102008	icon_102005	技艺之锤	2	2	5	1	5	0.45	1.6	1.6	15	900	126	441	42	42	42	42	42	42	42	0	0	一阶8级锤子，12级可以使用，可以通过合成获得	5		weapon_102005
102009	icon_102009	北风	3	2	5	1	1	0.3	2.5	2.5	16	1000	114	399	38	38	38	38	38	38	38	0	0	二阶1级锤子，13级可以使用，可以在主线或者血色教堂低级副本中获得	1		weapon_102009
102010	icon_102009	北风	3	2	5	1	2	0.35	2.3	2.3	17	1100	126	441	42	42	42	42	42	42	42	0	0	二阶2级锤子，14级可以使用，可以通过合成获得	2		weapon_102009
102011	icon_102009	北风	3	2	5	1	2	0.4	2.1	2.1	18	1200	132	462	44	44	44	44	44	44	44	0	0	二阶3级锤子，15级可以使用，可以在血色教堂中低级副本中获得	2		weapon_102009
102012	icon_102009	北风	3	2	5	1	3	0.45	1.9	1.9	19	1300	162	567	54	54	54	54	54	54	54	0	0	二阶4级锤子，16级可以使用，可以通过合成获得	3		weapon_102009
102013	icon_102013	反对者	4	2	5	1	3	0.5	1.7	1.7	20	1400	150	525	50	50	50	50	50	50	50	0	0	二阶5级锤子，17级可以使用，可以在血色教堂中高级副本中获得	3		weapon_102013
102014	icon_102013	反对者	4	2	5	1	4	0.55	1.5	1.5	21	1500	162	567	54	54	54	54	54	54	54	0	0	二阶6级锤子，18级可以使用，可以通过合成获得	4		weapon_102013
102015	icon_102013	反对者	4	2	5	1	4	0.6	1.3	1.3	22	1600	168	588	56	56	56	56	56	56	56	0	0	二阶7级锤子，19级可以使用，可以在血色教堂高级副本中获得	4		weapon_102013
102016	icon_102013	反对者	4	2	5	1	5	0.65	1.1	1.1	23	1700	180	630	60	60	60	60	60	60	60	0	0	二阶8级锤子，20级可以使用，可以通过合成获得	5		weapon_102013
102017	icon_102017	爱德华之手	5	2	5	1	1	0.5	2	2	24	1800	168	588	56	56	56	56	56	56	56	0	0	三阶1级锤子，21级可以使用，可以在主线或者祖尔神迹低级副本中获得	1		weapon_102017
102018	icon_102017	爱德华之手	5	2	5	1	2	0.55	1.85	1.85	25	1900	180	630	60	60	60	60	60	60	60	0	0	三阶2级锤子，22级可以使用，可以通过合成获得	2		weapon_102017
102019	icon_102017	爱德华之手	5	2	5	1	2	0.6	1.7	1.7	26	2000	186	651	62	62	62	62	62	62	62	0	0	三阶3级锤子，23级可以使用，可以在祖尔神迹中低级副本中获得	2		weapon_102017
102020	icon_102017	爱德华之手	5	2	5	1	3	0.65	1.55	1.55	27	2100	216	756	72	72	72	72	72	72	72	0	0	三阶4级锤子，24级可以使用，可以通过合成获得	3		weapon_102017
102021	icon_102021	无坚不摧	6	2	5	1	3	0.7	1.4	1.4	28	2200	210	735	70	70	70	70	70	70	70	0	0	三阶5级锤子，25级可以使用，可以在祖尔神迹中高级副本中获得	3		weapon_102021
102022	icon_102021	无坚不摧	6	2	5	1	4	0.75	1.25	1.25	29	2300	222	777	74	74	74	74	74	74	74	0	0	三阶6级锤子，26级可以使用，可以通过合成获得	4		weapon_102021
102023	icon_102021	无坚不摧	6	2	5	1	4	0.8	1.1	1.1	30	2400	228	798	76	76	76	76	76	76	76	0	0	三阶7级锤子，27级可以使用，可以在祖尔神迹高级副本中获得	4		weapon_102021
102024	icon_102021	无坚不摧	6	2	5	1	5	0.85	0.95	0.95	31	2500	240	840	80	80	80	80	80	80	80	0	0	三阶8级锤子，28级可以使用，可以通过合成获得	5		weapon_102021
102025	icon_102025	苍穹击碎者	7	2	5	1	1	0.7	1.5	1.5	32	2600	228	798	76	76	76	76	76	76	76	0	0	四阶1级锤子，29级可以使用，可以在主线或者厄运王国低级副本中获得	1		weapon_102025
102026	icon_102025	苍穹击碎者	7	2	5	1	2	0.75	1.4	1.4	33	2700	240	840	80	80	80	80	80	80	80	0	0	四阶2级锤子，30级可以使用，可以通过合成获得	2		weapon_102025
102027	icon_102025	苍穹击碎者	7	2	5	1	2	0.8	1.3	1.3	34	2800	246	861	82	82	82	82	82	82	82	0	0	四阶3级锤子，31级可以使用，可以在厄运王国中低级副本中获得	2		weapon_102025
102028	icon_102025	苍穹击碎者	7	2	5	1	3	0.85	1.2	1.2	35	2900	276	966	92	92	92	92	92	92	92	0	0	四阶4级锤子，32级可以使用，可以通过合成获得	3		weapon_102025
102029	icon_102029	光环石锤	8	2	5	1	3	0.9	1.1	1.1	36	3000	270	945	90	90	90	90	90	90	90	0	0	四阶5级锤子，33级可以使用，可以在厄运王国中高级副本中获得	3		weapon_102029
102030	icon_102029	光环石锤	8	2	5	1	4	0.95	1	1	37	3100	282	987	94	94	94	94	94	94	94	0	0	四阶6级锤子，34级可以使用，可以通过合成获得	4		weapon_102029
102031	icon_102029	光环石锤	8	2	5	1	4	1	0.9	0.9	38	3200	288	1008	96	96	96	96	96	96	96	0	0	四阶7级锤子，35级可以使用，可以在厄运王国高级副本中获得	4		weapon_102029
102032	icon_102029	光环石锤	8	2	5	1	5	1.05	0.8	0.8	39	3300	300	1050	100	100	100	100	100	100	100	0	0	四阶8级锤子，36级可以使用，可以通过合成获得	5		weapon_102029
102033	icon_102033	黑手	9	2	5	1	1	0.9	1.2	1.2	40	3400	282	987	94	94	94	94	94	94	94	0	0	五阶1级锤子，37级可以使用，可以在主线或者斯坦索姆低级副本中获得	1		weapon_102033
102034	icon_102033	黑手	9	2	5	1	2	0.95	1.1	1.1	41	3500	294	1029	98	98	98	98	98	98	98	0	0	五阶2级锤子，38级可以使用，可以通过合成获得	2		weapon_102033
102035	icon_102033	黑手	9	2	5	1	2	1	1	1	42	3600	300	1050	100	100	100	100	100	100	100	0	0	五阶3级锤子，39级可以使用，可以在斯坦索姆中低级副本中获得	2		weapon_102033
102036	icon_102033	黑手	9	2	5	1	3	1.05	0.9	0.9	43	3700	306	1071	102	102	102	102	102	102	102	0	0	五阶4级锤子，40级可以使用，可以通过合成获得	3		weapon_102033
102037	icon_102037	洛卡米尔	10	2	5	1	3	1.1	0.8	0.8	44	3800	306	1071	102	102	102	102	102	102	102	0	0	五阶5级锤子，41级可以使用，可以在斯坦索姆中高级副本中获得	3		weapon_102037
102038	icon_102037	洛卡米尔	10	2	5	1	4	1.15	0.7	0.7	45	3900	318	1113	106	106	106	106	106	106	106	0	0	五阶6级锤子，42级可以使用，可以通过合成获得	4		weapon_102037
102039	icon_102037	洛卡米尔	10	2	5	1	4	1.2	0.6	0.6	46	4000	324	1134	108	108	108	108	108	108	108	0	0	五阶7级锤子，43级可以使用，可以在斯坦索姆高级副本中获得	4		weapon_102037
102040	icon_102037	洛卡米尔	10	2	5	1	5	1.25	0.5	0.5	47	4100	330	1155	110	110	110	110	110	110	110	0	0	五阶8级锤子，44级可以使用，可以通过合成获得	5		weapon_102037
102041	icon_102041	虚空之锤	11	2	5	1	1	1.1	1	1	48	4200	312	1092	104	104	104	104	104	104	104	0	0	六阶1级锤子，45级可以使用，可以在主线或者黑石之翼低级副本中获得	1		weapon_102041
102042	icon_102041	虚空之锤	11	2	5	1	2	1.15	0.92	0.92	49	4300	324	1134	108	108	108	108	108	108	108	0	0	六阶2级锤子，46级可以使用，可以通过合成获得	2		weapon_102041
102043	icon_102041	虚空之锤	11	2	5	1	2	1.2	0.84	0.84	50	4400	330	1155	110	110	110	110	110	110	110	0	0	六阶3级锤子，47级可以使用，可以在黑石之翼中低级副本中获得	2		weapon_102041
102044	icon_102041	虚空之锤	11	2	5	1	3	1.25	0.76	0.76	51	4500	342	1197	114	114	114	114	114	114	114	0	0	六阶4级锤子，48级可以使用，可以通过合成获得	3		weapon_102041
102045	icon_102045	太阳之锤	12	2	5	1	3	1.3	0.68	0.68	52	4600	336	1176	112	112	112	112	112	112	112	0	0	六阶5级锤子，49级可以使用，可以在黑石之翼中高级副本中获得	3		weapon_102045
102046	icon_102045	太阳之锤	12	2	5	1	4	1.35	0.6	0.6	53	4700	342	1197	114	114	114	114	114	114	114	0	0	六阶6级锤子，50级可以使用，可以通过合成获得	4		weapon_102045
102047	icon_102045	太阳之锤	12	2	5	1	4	1.4	0.52	0.52	54	4800	348	1218	116	116	116	116	116	116	116	0	0	六阶7级锤子，51级可以使用，可以在黑石之翼高级副本中获得	4		weapon_102045
102048	icon_102045	太阳之锤	12	2	5	1	5	1.45	0.44	0.44	55	4900	360	1260	120	120	120	120	120	120	120	0	0	六阶8级锤子，52级可以使用，可以通过合成获得	5		weapon_102045
202001	icon_202001	督军之锤	30	2	5	1	4	1.3	0.83	0.83	35	2200	210	735	70	70	70	70	70	70	70	42	0	战场一节1级锤子，35级可以使用，附有韧性属性，可以通过战场兑换获得	4		weapon_202001
202002	icon_202001	督军之锤	31	2	5	1	4	1.35	0.78	0.78	40	2600	228	798	76	76	76	76	76	76	76	60	0	战场一节2级锤子，45级可以使用，附有韧性属性，可以通过战场兑换获得	4		weapon_202001
202003	icon_202001	督军之锤	32	2	5	1	4	1.4	0.46	0.6	45	3400	282	987	94	94	94	94	94	94	94	80	0	战场一节3级锤子，55级可以使用，附有韧性属性，可以通过战场兑换获得	4		weapon_202001
202004	icon_202002	风暴之锤	33	2	5	1	4	1.45	0.4	0.55	50	4200	312	1092	104	104	104	104	104	104	104	100	0	战场二节1级锤子，56级可以使用，附有韧性属性，可以通过战场兑换获得	4		weapon_202002
202005	icon_202002	风暴之锤	34	2	5	1	4	1.5	0.34	0.5	58	4900	360	1260	120	120	120	120	120	120	120	110	0	战场二节2级锤子，60级可以使用，附有韧性属性，可以通过战场兑换获得	4		weapon_202002
202006	icon_202002	风暴之锤	35	2	5	1	5	1.55	0.28	0.4	60	4900	360	1260	120	120	120	120	120	120	120	120	0	战场二节3级锤子，60级可以使用，附有韧性属性，可以通过战场兑换获得	5		weapon_202002
103001	icon_103001	温诺斯之牙	1	3	5	1	1	0.1	3	3	2	200	60	210	20	20	20	20	20	20	20	0	0	一阶1级短剑，1级可以使用，可以在主线或者银牙城堡低级副本中获得	1		weapon_103001
103002	icon_103001	温诺斯之牙	1	3	5	1	2	0.15	2.8	2.8	4	300	72	252	24	24	24	24	24	24	24	0	0	一阶2级短剑，3级可以使用，可以通过合成获得	2		weapon_103001
103003	icon_103001	温诺斯之牙	1	3	5	1	2	0.2	2.6	2.6	6	400	78	273	26	26	26	26	26	26	26	0	0	一阶3级短剑，5级可以使用，可以在银牙城堡中低级副本中获得	2		weapon_103001
103004	icon_103001	温诺斯之牙	1	3	5	1	3	0.25	2.4	2.4	8	500	108	378	36	36	36	36	36	36	36	0	0	一阶4级短剑，7级可以使用，可以通过合成获得	3		weapon_103001
103005	icon_103005	无面者之牙	2	3	5	1	3	0.3	2.2	2.2	10	600	96	336	32	32	32	32	32	32	32	0	0	一阶5级短剑，9级可以使用，可以在银牙城堡中高级副本中获得	3		weapon_103005
103006	icon_103005	无面者之牙	2	3	5	1	4	0.35	2	2	12	700	108	378	36	36	36	36	36	36	36	0	0	一阶6级短剑，10级可以使用，可以通过合成获得	4		weapon_103005
103007	icon_103005	无面者之牙	2	3	5	1	4	0.4	1.8	1.8	14	800	114	399	38	38	38	38	38	38	38	0	0	一阶7级短剑，11级可以使用，可以在银牙城堡高级副本中获得	4		weapon_103005
103008	icon_103005	无面者之牙	2	3	5	1	5	0.45	1.6	1.6	15	900	126	441	42	42	42	42	42	42	42	0	0	一阶8级短剑，12级可以使用，可以通过合成获得	5		weapon_103005
103009	icon_103009	龙之召唤	3	3	5	1	1	0.3	2.5	2.5	16	1000	114	399	38	38	38	38	38	38	38	0	0	二阶1级短剑，13级可以使用，可以在主线或者血色教堂低级副本中获得	1		weapon_103009
103010	icon_103009	龙之召唤	3	3	5	1	2	0.35	2.3	2.3	17	1100	126	441	42	42	42	42	42	42	42	0	0	二阶2级短剑，14级可以使用，可以通过合成获得	2		weapon_103009
103011	icon_103009	龙之召唤	3	3	5	1	2	0.4	2.1	2.1	18	1200	132	462	44	44	44	44	44	44	44	0	0	二阶3级短剑，15级可以使用，可以在血色教堂中低级副本中获得	2		weapon_103009
103012	icon_103009	龙之召唤	3	3	5	1	3	0.45	1.9	1.9	19	1300	162	567	54	54	54	54	54	54	54	0	0	二阶4级短剑，16级可以使用，可以通过合成获得	3		weapon_103009
103013	icon_103013	龙牙之刃	4	3	5	1	3	0.5	1.7	1.7	20	1400	150	525	50	50	50	50	50	50	50	0	0	二阶5级短剑，17级可以使用，可以在血色教堂中高级副本中获得	3		weapon_103013
103014	icon_103013	龙牙之刃	4	3	5	1	4	0.55	1.5	1.5	21	1500	162	567	54	54	54	54	54	54	54	0	0	二阶6级短剑，18级可以使用，可以通过合成获得	4		weapon_103013
103015	icon_103013	龙牙之刃	4	3	5	1	4	0.6	1.3	1.3	22	1600	168	588	56	56	56	56	56	56	56	0	0	二阶7级短剑，19级可以使用，可以在血色教堂高级副本中获得	4		weapon_103013
103016	icon_103013	龙牙之刃	4	3	5	1	5	0.65	1.1	1.1	23	1700	180	630	60	60	60	60	60	60	60	0	0	二阶8级短剑，20级可以使用，可以通过合成获得	5		weapon_103013
103017	icon_103017	血领主	5	3	5	1	1	0.5	2	2	24	1800	168	588	56	56	56	56	56	56	56	0	0	三阶1级短剑，21级可以使用，可以在主线或者祖尔神迹低级副本中获得	1		weapon_103017
103018	icon_103017	血领主	5	3	5	1	2	0.55	1.85	1.85	25	1900	180	630	60	60	60	60	60	60	60	0	0	三阶2级短剑，22级可以使用，可以通过合成获得	2		weapon_103017
103019	icon_103017	血领主	5	3	5	1	2	0.6	1.7	1.7	26	2000	186	651	62	62	62	62	62	62	62	0	0	三阶3级短剑，23级可以使用，可以在祖尔神迹中低级副本中获得	2		weapon_103017
103020	icon_103017	血领主	5	3	5	1	3	0.65	1.55	1.55	27	2100	216	756	72	72	72	72	72	72	72	0	0	三阶4级短剑，24级可以使用，可以通过合成获得	3		weapon_103017
103021	icon_103021	残忍利刃	6	3	5	1	3	0.7	1.4	1.4	28	2200	210	735	70	70	70	70	70	70	70	0	0	三阶5级短剑，25级可以使用，可以在祖尔神迹中高级副本中获得	3		weapon_103021
103022	icon_103021	残忍利刃	6	3	5	1	4	0.75	1.25	1.25	29	2300	222	777	74	74	74	74	74	74	74	0	0	三阶6级短剑，26级可以使用，可以通过合成获得	4		weapon_103021
103023	icon_103021	残忍利刃	6	3	5	1	4	0.8	1.1	1.1	30	2400	228	798	76	76	76	76	76	76	76	0	0	三阶7级短剑，27级可以使用，可以在祖尔神迹高级副本中获得	4		weapon_103021
103024	icon_103021	残忍利刃	6	3	5	1	5	0.85	0.95	0.95	31	2500	240	840	80	80	80	80	80	80	80	0	0	三阶8级短剑，28级可以使用，可以通过合成获得	5		weapon_103021
103025	icon_103025	迈克斯之牙	7	3	5	1	1	0.7	1.5	1.5	32	2600	228	798	76	76	76	76	76	76	76	0	0	四阶1级短剑，29级可以使用，可以在主线或者厄运王国低级副本中获得	1		weapon_103025
103026	icon_103025	迈克斯之牙	7	3	5	1	2	0.75	1.4	1.4	33	2700	240	840	80	80	80	80	80	80	80	0	0	四阶2级短剑，30级可以使用，可以通过合成获得	2		weapon_103025
103027	icon_103025	迈克斯之牙	7	3	5	1	2	0.8	1.3	1.3	34	2800	246	861	82	82	82	82	82	82	82	0	0	四阶3级短剑，31级可以使用，可以在厄运王国中低级副本中获得	2		weapon_103025
103028	icon_103025	迈克斯之牙	7	3	5	1	3	0.85	1.2	1.2	35	2900	276	966	92	92	92	92	92	92	92	0	0	四阶4级短剑，32级可以使用，可以通过合成获得	3		weapon_103025
103029	icon_103029	毁灭之刃	8	3	5	1	3	0.9	1.1	1.1	36	3000	270	945	90	90	90	90	90	90	90	0	0	四阶5级短剑，33级可以使用，可以在厄运王国中高级副本中获得	3		weapon_103029
103030	icon_103029	毁灭之刃	8	3	5	1	4	0.95	1	1	37	3100	282	987	94	94	94	94	94	94	94	0	0	四阶6级短剑，34级可以使用，可以通过合成获得	4		weapon_103029
103031	icon_103029	毁灭之刃	8	3	5	1	4	1	0.9	0.9	38	3200	288	1008	96	96	96	96	96	96	96	0	0	四阶7级短剑，35级可以使用，可以在厄运王国高级副本中获得	4		weapon_103029
103032	icon_103029	毁灭之刃	8	3	5	1	5	1.05	0.8	0.8	39	3300	300	1050	100	100	100	100	100	100	100	0	0	四阶8级短剑，36级可以使用，可以通过合成获得	5		weapon_103029
103033	icon_103033	多彩之剑	9	3	5	1	1	0.9	1.2	1.2	40	3400	282	987	94	94	94	94	94	94	94	0	0	五阶1级短剑，37级可以使用，可以在主线或者斯坦索姆低级副本中获得	1		weapon_103033
103034	icon_103033	多彩之剑	9	3	5	1	2	0.95	1.1	1.1	41	3500	294	1029	98	98	98	98	98	98	98	0	0	五阶2级短剑，38级可以使用，可以通过合成获得	2		weapon_103033
103035	icon_103033	多彩之剑	9	3	5	1	2	1	1	1	42	3600	300	1050	100	100	100	100	100	100	100	0	0	五阶3级短剑，39级可以使用，可以在斯坦索姆中低级副本中获得	2		weapon_103033
103036	icon_103033	多彩之剑	9	3	5	1	3	1.05	0.9	0.9	43	3700	306	1071	102	102	102	102	102	102	102	0	0	五阶4级短剑，40级可以使用，可以通过合成获得	3		weapon_103033
103037	icon_103037	帝殒	10	3	5	1	3	1.1	0.8	0.8	44	3800	306	1071	102	102	102	102	102	102	102	0	0	五阶5级短剑，41级可以使用，可以在斯坦索姆中高级副本中获得	3		weapon_103037
103038	icon_103037	帝殒	10	3	5	1	4	1.15	0.7	0.7	45	3900	318	1113	106	106	106	106	106	106	106	0	0	五阶6级短剑，42级可以使用，可以通过合成获得	4		weapon_103037
103039	icon_103037	帝殒	10	3	5	1	4	1.2	0.6	0.6	46	4000	324	1134	108	108	108	108	108	108	108	0	0	五阶7级短剑，43级可以使用，可以在斯坦索姆高级副本中获得	4		weapon_103037
103040	icon_103037	帝殒	10	3	5	1	5	1.25	0.5	0.5	47	4100	330	1155	110	110	110	110	110	110	110	0	0	五阶8级短剑，44级可以使用，可以通过合成获得	5		weapon_103037
103041	icon_103041	炽天使之刃	11	3	5	1	1	1.1	1	1	48	4200	312	1092	104	104	104	104	104	104	104	0	0	六阶1级短剑，45级可以使用，可以在主线或者黑石之翼低级副本中获得	1		weapon_103041
103042	icon_103041	炽天使之刃	11	3	5	1	2	1.15	0.92	0.92	49	4300	324	1134	108	108	108	108	108	108	108	0	0	六阶2级短剑，46级可以使用，可以通过合成获得	2		weapon_103041
103043	icon_103041	炽天使之刃	11	3	5	1	2	1.2	0.84	0.84	50	4400	330	1155	110	110	110	110	110	110	110	0	0	六阶3级短剑，47级可以使用，可以在黑石之翼中低级副本中获得	2		weapon_103041
103044	icon_103041	炽天使之刃	11	3	5	1	3	1.25	0.76	0.76	51	4500	342	1197	114	114	114	114	114	114	114	0	0	六阶4级短剑，48级可以使用，可以通过合成获得	3		weapon_103041
103045	icon_103045	毁灭之黎明	12	3	5	1	3	1.3	0.68	0.68	52	4600	336	1176	112	112	112	112	112	112	112	0	0	六阶5级短剑，49级可以使用，可以在黑石之翼中高级副本中获得	3		weapon_103045
103046	icon_103045	毁灭之黎明	12	3	5	1	4	1.35	0.6	0.6	53	4700	342	1197	114	114	114	114	114	114	114	0	0	六阶6级短剑，50级可以使用，可以通过合成获得	4		weapon_103045
103047	icon_103045	毁灭之黎明	12	3	5	1	4	1.4	0.52	0.52	54	4800	348	1218	116	116	116	116	116	116	116	0	0	六阶7级短剑，51级可以使用，可以在黑石之翼高级副本中获得	4		weapon_103045
103048	icon_103045	毁灭之黎明	12	3	5	1	5	1.45	0.44	0.44	55	4900	360	1260	120	120	120	120	120	120	120	0	0	六阶8级短剑，52级可以使用，可以通过合成获得	5		weapon_103045
203001	icon_203001	督军之刃	30	3	5	1	4	1.3	0.83	0.83	35	2200	210	735	70	70	70	70	70	70	70	42	0	战场一节1级短剑，35级可以使用，附有韧性属性，可以通过战场兑换获得	4		weapon_203001
203002	icon_203001	督军之刃	31	3	5	1	4	1.35	0.78	0.78	40	2600	228	798	76	76	76	76	76	76	76	60	0	战场一节2级短剑，45级可以使用，附有韧性属性，可以通过战场兑换获得	4		weapon_203001
203003	icon_203001	督军之刃	32	3	5	1	4	1.4	0.46	0.6	45	3400	282	987	94	94	94	94	94	94	94	80	0	战场一节3级短剑，55级可以使用，附有韧性属性，可以通过战场兑换获得	4		weapon_203001
203004	icon_203002	暗杀之刺	33	3	5	1	4	1.45	0.4	0.55	50	4200	312	1092	104	104	104	104	104	104	104	100	0	战场二节1级短剑，56级可以使用，附有韧性属性，可以通过战场兑换获得	4		weapon_203002
203005	icon_203002	暗杀之刺	34	3	5	1	4	1.5	0.34	0.5	58	4900	360	1260	120	120	120	120	120	120	120	110	0	战场二节2级短剑，60级可以使用，附有韧性属性，可以通过战场兑换获得	4		weapon_203002
203006	icon_203002	暗杀之刺	35	3	5	1	5	1.55	0.28	0.4	60	4900	360	1260	120	120	120	120	120	120	120	120	0	战场二节3级短剑，60级可以使用，附有韧性属性，可以通过战场兑换获得	5		weapon_203002
104001	icon_104001	工头战斧	1	4	5	1	1	0.1	3	3	2	200	60	210	20	20	20	20	20	20	20	0	0	一阶1级斧头，1级可以使用，可以在主线或者银牙城堡低级副本中获得	1		weapon_104001
104002	icon_104001	工头战斧	1	4	5	1	2	0.15	2.8	2.8	4	300	72	252	24	24	24	24	24	24	24	0	0	一阶2级斧头，3级可以使用，可以通过合成获得	2		weapon_104001
104003	icon_104001	工头战斧	1	4	5	1	2	0.2	2.6	2.6	6	400	78	273	26	26	26	26	26	26	26	0	0	一阶3级斧头，5级可以使用，可以在银牙城堡中低级副本中获得	2		weapon_104001
104004	icon_104001	工头战斧	1	4	5	1	3	0.25	2.4	2.4	8	500	108	378	36	36	36	36	36	36	36	0	0	一阶4级斧头，7级可以使用，可以通过合成获得	3		weapon_104001
104005	icon_104005	厄运钟摆	2	4	5	1	3	0.3	2.2	2.2	10	600	96	336	32	32	32	32	32	32	32	0	0	一阶5级斧头，9级可以使用，可以在银牙城堡中高级副本中获得	3		weapon_104005
104006	icon_104005	厄运钟摆	2	4	5	1	4	0.35	2	2	12	700	108	378	36	36	36	36	36	36	36	0	0	一阶6级斧头，10级可以使用，可以通过合成获得	4		weapon_104005
104007	icon_104005	厄运钟摆	2	4	5	1	4	0.4	1.8	1.8	14	800	114	399	38	38	38	38	38	38	38	0	0	一阶7级斧头，11级可以使用，可以在银牙城堡高级副本中获得	4		weapon_104005
104008	icon_104005	厄运钟摆	2	4	5	1	5	0.45	1.6	1.6	15	900	126	441	42	42	42	42	42	42	42	0	0	一阶8级斧头，12级可以使用，可以通过合成获得	5		weapon_104005
104009	icon_104009	炽炎战斧	3	4	5	1	1	0.3	2.5	2.5	16	1000	114	399	38	38	38	38	38	38	38	0	0	二阶1级斧头，13级可以使用，可以在主线或者血色教堂低级副本中获得	1		weapon_104009
104010	icon_104009	炽炎战斧	3	4	5	1	2	0.35	2.3	2.3	17	1100	126	441	42	42	42	42	42	42	42	0	0	二阶2级斧头，14级可以使用，可以通过合成获得	2		weapon_104009
104011	icon_104009	炽炎战斧	3	4	5	1	2	0.4	2.1	2.1	18	1200	132	462	44	44	44	44	44	44	44	0	0	二阶3级斧头，15级可以使用，可以在血色教堂中低级副本中获得	2		weapon_104009
104012	icon_104009	炽炎战斧	3	4	5	1	3	0.45	1.9	1.9	19	1300	162	567	54	54	54	54	54	54	54	0	0	二阶4级斧头，16级可以使用，可以通过合成获得	3		weapon_104009
104013	icon_104013	斩首者康恩	4	4	5	1	3	0.5	1.7	1.7	20	1400	150	525	50	50	50	50	50	50	50	0	0	二阶5级斧头，17级可以使用，可以在血色教堂中高级副本中获得	3		weapon_104013
104014	icon_104013	斩首者康恩	4	4	5	1	4	0.55	1.5	1.5	21	1500	162	567	54	54	54	54	54	54	54	0	0	二阶6级斧头，18级可以使用，可以通过合成获得	4		weapon_104013
104015	icon_104013	斩首者康恩	4	4	5	1	4	0.6	1.3	1.3	22	1600	168	588	56	56	56	56	56	56	56	0	0	二阶7级斧头，19级可以使用，可以在血色教堂高级副本中获得	4		weapon_104013
104016	icon_104013	斩首者康恩	4	4	5	1	5	0.65	1.1	1.1	23	1700	180	630	60	60	60	60	60	60	60	0	0	二阶8级斧头，20级可以使用，可以通过合成获得	5		weapon_104013
104017	icon_104017	古树天敌	5	4	5	1	1	0.5	2	2	24	1800	168	588	56	56	56	56	56	56	56	0	0	三阶1级斧头，21级可以使用，可以在主线或者祖尔神迹低级副本中获得	1		weapon_104017
104018	icon_104017	古树天敌	5	4	5	1	2	0.55	1.85	1.85	25	1900	180	630	60	60	60	60	60	60	60	0	0	三阶2级斧头，22级可以使用，可以通过合成获得	2		weapon_104017
104019	icon_104017	古树天敌	5	4	5	1	2	0.6	1.7	1.7	26	2000	186	651	62	62	62	62	62	62	62	0	0	三阶3级斧头，23级可以使用，可以在祖尔神迹中低级副本中获得	2		weapon_104017
104020	icon_104017	古树天敌	5	4	5	1	3	0.65	1.55	1.55	27	2100	216	756	72	72	72	72	72	72	72	0	0	三阶4级斧头，24级可以使用，可以通过合成获得	3		weapon_104017
104021	icon_104021	碎灵	6	4	5	1	3	0.7	1.4	1.4	28	2200	210	735	70	70	70	70	70	70	70	0	0	三阶5级斧头，25级可以使用，可以在祖尔神迹中高级副本中获得	3		weapon_104021
104022	icon_104021	碎灵	6	4	5	1	4	0.75	1.25	1.25	29	2300	222	777	74	74	74	74	74	74	74	0	0	三阶6级斧头，26级可以使用，可以通过合成获得	4		weapon_104021
104023	icon_104021	碎灵	6	4	5	1	4	0.8	1.1	1.1	30	2400	228	798	76	76	76	76	76	76	76	0	0	三阶7级斧头，27级可以使用，可以在祖尔神迹高级副本中获得	4		weapon_104021
104024	icon_104021	碎灵	6	4	5	1	5	0.85	0.95	0.95	31	2500	240	840	80	80	80	80	80	80	80	0	0	三阶8级斧头，28级可以使用，可以通过合成获得	5		weapon_104021
104025	icon_104025	夜幕	7	4	5	1	1	0.7	1.5	1.5	32	2600	228	798	76	76	76	76	76	76	76	0	0	四阶1级斧头，29级可以使用，可以在主线或者厄运王国低级副本中获得	1		weapon_104025
104026	icon_104025	夜幕	7	4	5	1	2	0.75	1.4	1.4	33	2700	240	840	80	80	80	80	80	80	80	0	0	四阶2级斧头，30级可以使用，可以通过合成获得	2		weapon_104025
104027	icon_104025	夜幕	7	4	5	1	2	0.8	1.3	1.3	34	2800	246	861	82	82	82	82	82	82	82	0	0	四阶3级斧头，31级可以使用，可以在厄运王国中低级副本中获得	2		weapon_104025
104028	icon_104025	夜幕	7	4	5	1	3	0.85	1.2	1.2	35	2900	276	966	92	92	92	92	92	92	92	0	0	四阶4级斧头，32级可以使用，可以通过合成获得	3		weapon_104025
104029	icon_104029	巨龙复仇者	8	4	5	1	3	0.9	1.1	1.1	36	3000	270	945	90	90	90	90	90	90	90	0	0	四阶5级斧头，33级可以使用，可以在厄运王国中高级副本中获得	3		weapon_104029
104030	icon_104029	巨龙复仇者	8	4	5	1	4	0.95	1	1	37	3100	282	987	94	94	94	94	94	94	94	0	0	四阶6级斧头，34级可以使用，可以通过合成获得	4		weapon_104029
104031	icon_104029	巨龙复仇者	8	4	5	1	4	1	0.9	0.9	38	3200	288	1008	96	96	96	96	96	96	96	0	0	四阶7级斧头，35级可以使用，可以在厄运王国高级副本中获得	4		weapon_104029
104032	icon_104029	巨龙复仇者	8	4	5	1	5	1.05	0.8	0.8	39	3300	300	1050	100	100	100	100	100	100	100	0	0	四阶8级斧头，36级可以使用，可以通过合成获得	5		weapon_104029
104033	icon_104033	龙爪巨斧	9	4	5	1	1	0.9	1.2	1.2	40	3400	282	987	94	94	94	94	94	94	94	0	0	五阶1级斧头，37级可以使用，可以在主线或者斯坦索姆低级副本中获得	1		weapon_104033
104034	icon_104033	龙爪巨斧	9	4	5	1	2	0.95	1.1	1.1	41	3500	294	1029	98	98	98	98	98	98	98	0	0	五阶2级斧头，38级可以使用，可以通过合成获得	2		weapon_104033
104035	icon_104033	龙爪巨斧	9	4	5	1	2	1	1	1	42	3600	300	1050	100	100	100	100	100	100	100	0	0	五阶3级斧头，39级可以使用，可以在斯坦索姆中低级副本中获得	2		weapon_104033
104036	icon_104033	龙爪巨斧	9	4	5	1	3	1.05	0.9	0.9	43	3700	306	1071	102	102	102	102	102	102	102	0	0	五阶4级斧头，40级可以使用，可以通过合成获得	3		weapon_104033
104037	icon_104037	脊骨收割者	10	4	5	1	3	1.1	0.8	0.8	44	3800	306	1071	102	102	102	102	102	102	102	0	0	五阶5级斧头，41级可以使用，可以在斯坦索姆中高级副本中获得	3		weapon_104037
104038	icon_104037	脊骨收割者	10	4	5	1	4	1.15	0.7	0.7	45	3900	318	1113	106	106	106	106	106	106	106	0	0	五阶6级斧头，42级可以使用，可以通过合成获得	4		weapon_104037
104039	icon_104037	脊骨收割者	10	4	5	1	4	1.2	0.6	0.6	46	4000	324	1134	108	108	108	108	108	108	108	0	0	五阶7级斧头，43级可以使用，可以在斯坦索姆高级副本中获得	4		weapon_104037
104040	icon_104037	脊骨收割者	10	4	5	1	5	1.25	0.5	0.5	47	4100	330	1155	110	110	110	110	110	110	110	0	0	五阶8级斧头，44级可以使用，可以通过合成获得	5		weapon_104037
104041	icon_104041	断离	11	4	5	1	1	1.1	1	1	48	4200	312	1092	104	104	104	104	104	104	104	0	0	六阶1级斧头，45级可以使用，可以在主线或者黑石之翼低级副本中获得	1		weapon_104041
104042	icon_104041	断离	11	4	5	1	2	1.15	0.92	0.92	49	4300	324	1134	108	108	108	108	108	108	108	0	0	六阶2级斧头，46级可以使用，可以通过合成获得	2		weapon_104041
104043	icon_104041	断离	11	4	5	1	2	1.2	0.84	0.84	50	4400	330	1155	110	110	110	110	110	110	110	0	0	六阶3级斧头，47级可以使用，可以在黑石之翼中低级副本中获得	2		weapon_104041
104044	icon_104041	断离	11	4	5	1	3	1.25	0.76	0.76	51	4500	342	1197	114	114	114	114	114	114	114	0	0	六阶4级斧头，48级可以使用，可以通过合成获得	3		weapon_104041
104045	icon_104045	黑暗之刃	12	4	5	1	3	1.3	0.68	0.68	52	4600	336	1176	112	112	112	112	112	112	112	0	0	六阶5级斧头，49级可以使用，可以在黑石之翼中高级副本中获得	3		weapon_104045
104046	icon_104045	黑暗之刃	12	4	5	1	4	1.35	0.6	0.6	53	4700	342	1197	114	114	114	114	114	114	114	0	0	六阶6级斧头，50级可以使用，可以通过合成获得	4		weapon_104045
104047	icon_104045	黑暗之刃	12	4	5	1	4	1.4	0.52	0.52	54	4800	348	1218	116	116	116	116	116	116	116	0	0	六阶7级斧头，51级可以使用，可以在黑石之翼高级副本中获得	4		weapon_104045
104048	icon_104045	黑暗之刃	12	4	5	1	5	1.45	0.44	0.44	55	4900	360	1260	120	120	120	120	120	120	120	0	0	六阶8级斧头，52级可以使用，可以通过合成获得	5		weapon_104045
204001	icon_204001	督军之斧	30	4	5	1	4	1.3	0.83	0.83	35	2200	210	735	70	70	70	70	70	70	70	42	0	战场一节1级斧头，35级可以使用，附有韧性属性，可以通过战场兑换获得	4		weapon_204001
204002	icon_204001	督军之斧	31	4	5	1	4	1.35	0.78	0.78	40	2600	228	798	76	76	76	76	76	76	76	60	0	战场一节2级斧头，45级可以使用，附有韧性属性，可以通过战场兑换获得	4		weapon_204001
204003	icon_204001	督军之斧	32	4	5	1	4	1.4	0.46	0.6	45	3400	282	987	94	94	94	94	94	94	94	80	0	战场一节3级斧头，55级可以使用，附有韧性属性，可以通过战场兑换获得	4		weapon_204001
204004	icon_204002	荣耀之斧	33	4	5	1	4	1.45	0.4	0.55	50	4200	312	1092	104	104	104	104	104	104	104	100	0	战场二节1级斧头，56级可以使用，附有韧性属性，可以通过战场兑换获得	4		weapon_204002
204005	icon_204002	荣耀之斧	34	4	5	1	4	1.5	0.34	0.5	58	4900	360	1260	120	120	120	120	120	120	120	110	0	战场二节2级斧头，60级可以使用，附有韧性属性，可以通过战场兑换获得	4		weapon_204002
204006	icon_204002	荣耀之斧	35	4	5	1	5	1.55	0.28	0.4	60	4900	360	1260	120	120	120	120	120	120	120	120	0	战场二节3级斧头，60级可以使用，附有韧性属性，可以通过战场兑换获得	5		weapon_204002
105001	icon_105001	乔丹法杖	1	5	5	1	1	0.1	3	3	2	200	60	210	20	20	20	20	20	20	20	0	0	一阶1级法杖，1级可以使用，可以在主线或者银牙城堡低级副本中获得	1		weapon_105001
105002	icon_105001	乔丹法杖	1	5	5	1	2	0.15	2.8	2.8	4	300	72	252	24	24	24	24	24	24	24	0	0	一阶2级法杖，3级可以使用，可以通过合成获得	2		weapon_105001
105003	icon_105001	乔丹法杖	1	5	5	1	2	0.2	2.6	2.6	6	400	78	273	26	26	26	26	26	26	26	0	0	一阶3级法杖，5级可以使用，可以在银牙城堡中低级副本中获得	2		weapon_105001
105004	icon_105001	乔丹法杖	1	5	5	1	3	0.25	2.4	2.4	8	500	108	378	36	36	36	36	36	36	36	0	0	一阶4级法杖，7级可以使用，可以通过合成获得	3		weapon_105001
105005	icon_105005	院长之杖	2	5	5	1	3	0.3	2.2	2.2	10	600	96	336	32	32	32	32	32	32	32	0	0	一阶5级法杖，9级可以使用，可以在银牙城堡中高级副本中获得	3		weapon_105005
105006	icon_105005	院长之杖	2	5	5	1	4	0.35	2	2	12	700	108	378	36	36	36	36	36	36	36	0	0	一阶6级法杖，10级可以使用，可以通过合成获得	4		weapon_105005
105007	icon_105005	院长之杖	2	5	5	1	4	0.4	1.8	1.8	14	800	114	399	38	38	38	38	38	38	38	0	0	一阶7级法杖，11级可以使用，可以在银牙城堡高级副本中获得	4		weapon_105005
105008	icon_105005	院长之杖	2	5	5	1	5	0.45	1.6	1.6	15	900	126	441	42	42	42	42	42	42	42	0	0	一阶8级法杖，12级可以使用，可以通过合成获得	5		weapon_105005
105009	icon_105009	典狱官法杖	3	5	5	1	1	0.3	2.5	2.5	16	1000	114	399	38	38	38	38	38	38	38	0	0	二阶1级法杖，13级可以使用，可以在主线或者血色教堂低级副本中获得	1		weapon_105009
105010	icon_105009	典狱官法杖	3	5	5	1	2	0.35	2.3	2.3	17	1100	126	441	42	42	42	42	42	42	42	0	0	二阶2级法杖，14级可以使用，可以通过合成获得	2		weapon_105009
105011	icon_105009	典狱官法杖	3	5	5	1	2	0.4	2.1	2.1	18	1200	132	462	44	44	44	44	44	44	44	0	0	二阶3级法杖，15级可以使用，可以在血色教堂中低级副本中获得	2		weapon_105009
105012	icon_105009	典狱官法杖	3	5	5	1	3	0.45	1.9	1.9	19	1300	162	567	54	54	54	54	54	54	54	0	0	二阶4级法杖，16级可以使用，可以通过合成获得	3		weapon_105009
105013	icon_105013	亮木法杖	4	5	5	1	3	0.5	1.7	1.7	20	1400	150	525	50	50	50	50	50	50	50	0	0	二阶5级法杖，17级可以使用，可以在血色教堂中高级副本中获得	3		weapon_105013
105014	icon_105013	亮木法杖	4	5	5	1	4	0.55	1.5	1.5	21	1500	162	567	54	54	54	54	54	54	54	0	0	二阶6级法杖，18级可以使用，可以通过合成获得	4		weapon_105013
105015	icon_105013	亮木法杖	4	5	5	1	4	0.6	1.3	1.3	22	1600	168	588	56	56	56	56	56	56	56	0	0	二阶7级法杖，19级可以使用，可以在血色教堂高级副本中获得	4		weapon_105013
105016	icon_105013	亮木法杖	4	5	5	1	5	0.65	1.1	1.1	23	1700	180	630	60	60	60	60	60	60	60	0	0	二阶8级法杖，20级可以使用，可以通过合成获得	5		weapon_105013
105017	icon_105017	鱼类终结者	5	5	5	1	1	0.5	2	2	24	1800	168	588	56	56	56	56	56	56	56	0	0	三阶1级法杖，21级可以使用，可以在主线或者祖尔神迹低级副本中获得	1		weapon_105017
105018	icon_105017	鱼类终结者	5	5	5	1	2	0.55	1.85	1.85	25	1900	180	630	60	60	60	60	60	60	60	0	0	三阶2级法杖，22级可以使用，可以通过合成获得	2		weapon_105017
105019	icon_105017	鱼类终结者	5	5	5	1	2	0.6	1.7	1.7	26	2000	186	651	62	62	62	62	62	62	62	0	0	三阶3级法杖，23级可以使用，可以在祖尔神迹中低级副本中获得	2		weapon_105017
105020	icon_105017	鱼类终结者	5	5	5	1	3	0.65	1.55	1.55	27	2100	216	756	72	72	72	72	72	72	72	0	0	三阶4级法杖，24级可以使用，可以通过合成获得	3		weapon_105017
105021	icon_105021	娅罗的意志	6	5	5	1	3	0.7	1.4	1.4	28	2200	210	735	70	70	70	70	70	70	70	0	0	三阶5级法杖，25级可以使用，可以在祖尔神迹中高级副本中获得	3		weapon_105021
105022	icon_105021	娅罗的意志	6	5	5	1	4	0.75	1.25	1.25	29	2300	222	777	74	74	74	74	74	74	74	0	0	三阶6级法杖，26级可以使用，可以通过合成获得	4		weapon_105021
105023	icon_105021	娅罗的意志	6	5	5	1	4	0.8	1.1	1.1	30	2400	228	798	76	76	76	76	76	76	76	0	0	三阶7级法杖，27级可以使用，可以在祖尔神迹高级副本中获得	4		weapon_105021
105024	icon_105021	娅罗的意志	6	5	5	1	5	0.85	0.95	0.95	31	2500	240	840	80	80	80	80	80	80	80	0	0	三阶8级法杖，28级可以使用，可以通过合成获得	5		weapon_105021
105025	icon_105025	金嘟的裁决	7	5	5	1	1	0.7	1.5	1.5	32	2600	228	798	76	76	76	76	76	76	76	0	0	四阶1级法杖，29级可以使用，可以在主线或者厄运王国低级副本中获得	1		weapon_105025
105026	icon_105025	金嘟的裁决	7	5	5	1	2	0.75	1.4	1.4	33	2700	240	840	80	80	80	80	80	80	80	0	0	四阶2级法杖，30级可以使用，可以通过合成获得	2		weapon_105025
105027	icon_105025	金嘟的裁决	7	5	5	1	2	0.8	1.3	1.3	34	2800	246	861	82	82	82	82	82	82	82	0	0	四阶3级法杖，31级可以使用，可以在厄运王国中低级副本中获得	2		weapon_105025
105028	icon_105025	金嘟的裁决	7	5	5	1	3	0.85	1.2	1.2	35	2900	276	966	92	92	92	92	92	92	92	0	0	四阶4级法杖，32级可以使用，可以通过合成获得	3		weapon_105025
105029	icon_105029	祈福	8	5	5	1	3	0.9	1.1	1.1	36	3000	270	945	90	90	90	90	90	90	90	0	0	四阶5级法杖，33级可以使用，可以在厄运王国中高级副本中获得	3		weapon_105029
105030	icon_105029	祈福	8	5	5	1	4	0.95	1	1	37	3100	282	987	94	94	94	94	94	94	94	0	0	四阶6级法杖，34级可以使用，可以通过合成获得	4		weapon_105029
105031	icon_105029	祈福	8	5	5	1	4	1	0.9	0.9	38	3200	288	1008	96	96	96	96	96	96	96	0	0	四阶7级法杖，35级可以使用，可以在厄运王国高级副本中获得	4		weapon_105029
105032	icon_105029	祈福	8	5	5	1	5	1.05	0.8	0.8	39	3300	300	1050	100	100	100	100	100	100	100	0	0	四阶8级法杖，36级可以使用，可以通过合成获得	5		weapon_105029
105033	icon_105033	占卜法杖	9	5	5	1	1	0.9	1.2	1.2	40	3400	282	987	94	94	94	94	94	94	94	0	0	五阶1级法杖，37级可以使用，可以在主线或者斯坦索姆低级副本中获得	1		weapon_105033
105034	icon_105033	占卜法杖	9	5	5	1	2	0.95	1.1	1.1	41	3500	294	1029	98	98	98	98	98	98	98	0	0	五阶2级法杖，38级可以使用，可以通过合成获得	2		weapon_105033
105035	icon_105033	占卜法杖	9	5	5	1	2	1	1	1	42	3600	300	1050	100	100	100	100	100	100	100	0	0	五阶3级法杖，39级可以使用，可以在斯坦索姆中低级副本中获得	2		weapon_105033
105036	icon_105033	占卜法杖	9	5	5	1	3	1.05	0.9	0.9	43	3700	306	1071	102	102	102	102	102	102	102	0	0	五阶4级法杖，40级可以使用，可以通过合成获得	3		weapon_105033
105037	icon_105037	烈焰法杖	10	5	5	1	3	1.1	0.8	0.8	44	3800	306	1071	102	102	102	102	102	102	102	0	0	五阶5级法杖，41级可以使用，可以在斯坦索姆中高级副本中获得	3		weapon_105037
105038	icon_105037	烈焰法杖	10	5	5	1	4	1.15	0.7	0.7	45	3900	318	1113	106	106	106	106	106	106	106	0	0	五阶6级法杖，42级可以使用，可以通过合成获得	4		weapon_105037
105039	icon_105037	烈焰法杖	10	5	5	1	4	1.2	0.6	0.6	46	4000	324	1134	108	108	108	108	108	108	108	0	0	五阶7级法杖，43级可以使用，可以在斯坦索姆高级副本中获得	4		weapon_105037
105040	icon_105037	烈焰法杖	10	5	5	1	5	1.25	0.5	0.5	47	4100	330	1155	110	110	110	110	110	110	110	0	0	五阶8级法杖，44级可以使用，可以通过合成获得	5		weapon_105037
105041	icon_105041	暮光之塔	11	5	5	1	1	1.1	1	1	48	4200	312	1092	104	104	104	104	104	104	104	0	0	六阶1级法杖，45级可以使用，可以在主线或者黑石之翼低级副本中获得	1		weapon_105041
105042	icon_105041	暮光之塔	11	5	5	1	2	1.15	0.92	0.92	49	4300	324	1134	108	108	108	108	108	108	108	0	0	六阶2级法杖，46级可以使用，可以通过合成获得	2		weapon_105041
105043	icon_105041	暮光之塔	11	5	5	1	2	1.2	0.84	0.84	50	4400	330	1155	110	110	110	110	110	110	110	0	0	六阶3级法杖，47级可以使用，可以在黑石之翼中低级副本中获得	2		weapon_105041
105044	icon_105041	暮光之塔	11	5	5	1	3	1.25	0.76	0.76	51	4500	342	1197	114	114	114	114	114	114	114	0	0	六阶4级法杖，48级可以使用，可以通过合成获得	3		weapon_105041
105045	icon_105045	搜魂者	12	5	5	1	3	1.3	0.68	0.68	52	4600	336	1176	112	112	112	112	112	112	112	0	0	六阶5级法杖，49级可以使用，可以在黑石之翼中高级副本中获得	3		weapon_105045
105046	icon_105045	搜魂者	12	5	5	1	4	1.35	0.6	0.6	53	4700	342	1197	114	114	114	114	114	114	114	0	0	六阶6级法杖，50级可以使用，可以通过合成获得	4		weapon_105045
105047	icon_105045	搜魂者	12	5	5	1	4	1.4	0.52	0.52	54	4800	348	1218	116	116	116	116	116	116	116	0	0	六阶7级法杖，51级可以使用，可以在黑石之翼高级副本中获得	4		weapon_105045
105048	icon_105045	搜魂者	12	5	5	1	5	1.45	0.44	0.44	55	4900	360	1260	120	120	120	120	120	120	120	0	0	六阶8级法杖，52级可以使用，可以通过合成获得	5		weapon_105045
205001	icon_205001	督军之杖	30	5	5	1	4	1.3	0.83	0.83	35	2200	210	735	70	70	70	70	70	70	70	42	0	战场一节1级法杖，35级可以使用，附有韧性属性，可以通过战场兑换获得	4		weapon_205001
205002	icon_205001	督军之杖	31	5	5	1	4	1.35	0.78	0.78	40	2600	228	798	76	76	76	76	76	76	76	60	0	战场一节2级法杖，45级可以使用，附有韧性属性，可以通过战场兑换获得	4		weapon_205001
205003	icon_205001	督军之杖	32	5	5	1	4	1.4	0.46	0.6	45	3400	282	987	94	94	94	94	94	94	94	80	0	战场一节3级法杖，55级可以使用，附有韧性属性，可以通过战场兑换获得	4		weapon_205001
205004	icon_205002	权利之杖	33	5	5	1	4	1.45	0.4	0.55	50	4200	312	1092	104	104	104	104	104	104	104	100	0	战场二节1级法杖，56级可以使用，附有韧性属性，可以通过战场兑换获得	4		weapon_205002
205005	icon_205002	权利之杖	34	5	5	1	4	1.5	0.34	0.5	58	4900	360	1260	120	120	120	120	120	120	120	110	0	战场二节2级法杖，60级可以使用，附有韧性属性，可以通过战场兑换获得	4		weapon_205002
205006	icon_205002	权利之杖	35	5	5	1	5	1.55	0.28	0.4	60	4900	360	1260	120	120	120	120	120	120	120	120	0	战场二节3级法杖，60级可以使用，附有韧性属性，可以通过战场兑换获得	5		weapon_205002
106001	icon_106001	铁管猎枪	1	6	5	1	1	0.1	3	3	2	200	60	210	20	20	20	20	20	20	20	0	0	一阶1级火枪，1级可以使用，可以在主线或者银牙城堡低级副本中获得	1		weapon_106001
106002	icon_106001	铁管猎枪	1	6	5	1	2	0.15	2.8	2.8	4	300	72	252	24	24	24	24	24	24	24	0	0	一阶2级火枪，3级可以使用，可以通过合成获得	2		weapon_106001
106003	icon_106001	铁管猎枪	1	6	5	1	2	0.2	2.6	2.6	6	400	78	273	26	26	26	26	26	26	26	0	0	一阶3级火枪，5级可以使用，可以在银牙城堡中低级副本中获得	2		weapon_106001
106004	icon_106001	铁管猎枪	1	6	5	1	3	0.25	2.4	2.4	8	500	108	378	36	36	36	36	36	36	36	0	0	一阶4级火枪，7级可以使用，可以通过合成获得	3		weapon_106001
106005	icon_106005	BKP步枪	2	6	5	1	3	0.3	2.2	2.2	10	600	96	336	32	32	32	32	32	32	32	0	0	一阶5级火枪，9级可以使用，可以在银牙城堡中高级副本中获得	3		weapon_106005
106006	icon_106005	BKP步枪	2	6	5	1	4	0.35	2	2	12	700	108	378	36	36	36	36	36	36	36	0	0	一阶6级火枪，10级可以使用，可以通过合成获得	4		weapon_106005
106007	icon_106005	BKP步枪	2	6	5	1	4	0.4	1.8	1.8	14	800	114	399	38	38	38	38	38	38	38	0	0	一阶7级火枪，11级可以使用，可以在银牙城堡高级副本中获得	4		weapon_106005
106008	icon_106005	BKP步枪	2	6	5	1	5	0.45	1.6	1.6	15	900	126	441	42	42	42	42	42	42	42	0	0	一阶8级火枪，12级可以使用，可以通过合成获得	5		weapon_106005
106009	icon_106009	加加恩火枪	3	6	5	1	1	0.3	2.5	2.5	16	1000	114	399	38	38	38	38	38	38	38	0	0	二阶1级火枪，13级可以使用，可以在主线或者血色教堂低级副本中获得	1		weapon_106009
106010	icon_106009	加加恩火枪	3	6	5	1	2	0.35	2.3	2.3	17	1100	126	441	42	42	42	42	42	42	42	0	0	二阶2级火枪，14级可以使用，可以通过合成获得	2		weapon_106009
106011	icon_106009	加加恩火枪	3	6	5	1	2	0.4	2.1	2.1	18	1200	132	462	44	44	44	44	44	44	44	0	0	二阶3级火枪，15级可以使用，可以在血色教堂中低级副本中获得	2		weapon_106009
106012	icon_106009	加加恩火枪	3	6	5	1	3	0.45	1.9	1.9	19	1300	162	567	54	54	54	54	54	54	54	0	0	二阶4级火枪，16级可以使用，可以通过合成获得	3		weapon_106009
106013	icon_106013	便携榴弹炮	4	6	5	1	3	0.5	1.7	1.7	20	1400	150	525	50	50	50	50	50	50	50	0	0	二阶5级火枪，17级可以使用，可以在血色教堂中高级副本中获得	3		weapon_106013
106014	icon_106013	便携榴弹炮	4	6	5	1	4	0.55	1.5	1.5	21	1500	162	567	54	54	54	54	54	54	54	0	0	二阶6级火枪，18级可以使用，可以通过合成获得	4		weapon_106013
106015	icon_106013	便携榴弹炮	4	6	5	1	4	0.6	1.3	1.3	22	1600	168	588	56	56	56	56	56	56	56	0	0	二阶7级火枪，19级可以使用，可以在血色教堂高级副本中获得	4		weapon_106013
106016	icon_106013	便携榴弹炮	4	6	5	1	5	0.65	1.1	1.1	23	1700	180	630	60	60	60	60	60	60	60	0	0	二阶8级火枪，20级可以使用，可以通过合成获得	5		weapon_106013
106017	icon_106017	精准火枪	5	6	5	1	1	0.5	2	2	24	1800	168	588	56	56	56	56	56	56	56	0	0	三阶1级火枪，21级可以使用，可以在主线或者祖尔神迹低级副本中获得	1		weapon_106017
106018	icon_106017	精准火枪	5	6	5	1	2	0.55	1.85	1.85	25	1900	180	630	60	60	60	60	60	60	60	0	0	三阶2级火枪，22级可以使用，可以通过合成获得	2		weapon_106017
106019	icon_106017	精准火枪	5	6	5	1	2	0.6	1.7	1.7	26	2000	186	651	62	62	62	62	62	62	62	0	0	三阶3级火枪，23级可以使用，可以在祖尔神迹中低级副本中获得	2		weapon_106017
106020	icon_106017	精准火枪	5	6	5	1	3	0.65	1.55	1.55	27	2100	216	756	72	72	72	72	72	72	72	0	0	三阶4级火枪，24级可以使用，可以通过合成获得	3		weapon_106017
106021	icon_106021	火核步枪	6	6	5	1	3	0.7	1.4	1.4	28	2200	210	735	70	70	70	70	70	70	70	0	0	三阶5级火枪，25级可以使用，可以在祖尔神迹中高级副本中获得	3		weapon_106021
106022	icon_106021	火核步枪	6	6	5	1	4	0.75	1.25	1.25	29	2300	222	777	74	74	74	74	74	74	74	0	0	三阶6级火枪，26级可以使用，可以通过合成获得	4		weapon_106021
106023	icon_106021	火核步枪	6	6	5	1	4	0.8	1.1	1.1	30	2400	228	798	76	76	76	76	76	76	76	0	0	三阶7级火枪，27级可以使用，可以在祖尔神迹高级副本中获得	4		weapon_106021
106024	icon_106021	火核步枪	6	6	5	1	5	0.85	0.95	0.95	31	2500	240	840	80	80	80	80	80	80	80	0	0	三阶8级火枪，28级可以使用，可以通过合成获得	5		weapon_106021
106025	icon_106025	奥尔多之护	7	6	5	1	1	0.7	1.5	1.5	32	2600	228	798	76	76	76	76	76	76	76	0	0	四阶1级火枪，29级可以使用，可以在主线或者厄运王国低级副本中获得	1		weapon_106025
106026	icon_106025	奥尔多之护	7	6	5	1	2	0.75	1.4	1.4	33	2700	240	840	80	80	80	80	80	80	80	0	0	四阶2级火枪，30级可以使用，可以通过合成获得	2		weapon_106025
106027	icon_106025	奥尔多之护	7	6	5	1	2	0.8	1.3	1.3	34	2800	246	861	82	82	82	82	82	82	82	0	0	四阶3级火枪，31级可以使用，可以在厄运王国中低级副本中获得	2		weapon_106025
106028	icon_106025	奥尔多之护	7	6	5	1	3	0.85	1.2	1.2	35	2900	276	966	92	92	92	92	92	92	92	0	0	四阶4级火枪，32级可以使用，可以通过合成获得	3		weapon_106025
106029	icon_106029	矮人摧毁者	8	6	5	1	3	0.9	1.1	1.1	36	3000	270	945	90	90	90	90	90	90	90	0	0	四阶5级火枪，33级可以使用，可以在厄运王国中高级副本中获得	3		weapon_106029
106030	icon_106029	矮人摧毁者	8	6	5	1	4	0.95	1	1	37	3100	282	987	94	94	94	94	94	94	94	0	0	四阶6级火枪，34级可以使用，可以通过合成获得	4		weapon_106029
106031	icon_106029	矮人摧毁者	8	6	5	1	4	1	0.9	0.9	38	3200	288	1008	96	96	96	96	96	96	96	0	0	四阶7级火枪，35级可以使用，可以在厄运王国高级副本中获得	4		weapon_106029
106032	icon_106029	矮人摧毁者	8	6	5	1	5	1.05	0.8	0.8	39	3300	300	1050	100	100	100	100	100	100	100	0	0	四阶8级火枪，36级可以使用，可以通过合成获得	5		weapon_106029
106033	icon_106033	暴击猎枪	9	6	5	1	1	0.9	1.2	1.2	40	3400	282	987	94	94	94	94	94	94	94	0	0	五阶1级火枪，37级可以使用，可以在主线或者斯坦索姆低级副本中获得	1		weapon_106033
106034	icon_106033	暴击猎枪	9	6	5	1	2	0.95	1.1	1.1	41	3500	294	1029	98	98	98	98	98	98	98	0	0	五阶2级火枪，38级可以使用，可以通过合成获得	2		weapon_106033
106035	icon_106033	暴击猎枪	9	6	5	1	2	1	1	1	42	3600	300	1050	100	100	100	100	100	100	100	0	0	五阶3级火枪，39级可以使用，可以在斯坦索姆中低级副本中获得	2		weapon_106033
106036	icon_106033	暴击猎枪	9	6	5	1	3	1.05	0.9	0.9	43	3700	306	1071	102	102	102	102	102	102	102	0	0	五阶4级火枪，40级可以使用，可以通过合成获得	3		weapon_106033
106037	icon_106037	圣其拉火枪	10	6	5	1	3	1.1	0.8	0.8	44	3800	306	1071	102	102	102	102	102	102	102	0	0	五阶5级火枪，41级可以使用，可以在斯坦索姆中高级副本中获得	3		weapon_106037
106038	icon_106037	圣其拉火枪	10	6	5	1	4	1.15	0.7	0.7	45	3900	318	1113	106	106	106	106	106	106	106	0	0	五阶6级火枪，42级可以使用，可以通过合成获得	4		weapon_106037
106039	icon_106037	圣其拉火枪	10	6	5	1	4	1.2	0.6	0.6	46	4000	324	1134	108	108	108	108	108	108	108	0	0	五阶7级火枪，43级可以使用，可以在斯坦索姆高级副本中获得	4		weapon_106037
106040	icon_106037	圣其拉火枪	10	6	5	1	5	1.25	0.5	0.5	47	4100	330	1155	110	110	110	110	110	110	110	0	0	五阶8级火枪，44级可以使用，可以通过合成获得	5		weapon_106037
106041	icon_106041	龙息火炮	11	6	5	1	1	1.1	1	1	48	4200	312	1092	104	104	104	104	104	104	104	0	0	六阶1级火枪，45级可以使用，可以在主线或者黑石之翼低级副本中获得	1		weapon_106041
106042	icon_106041	龙息火炮	11	6	5	1	2	1.15	0.92	0.92	49	4300	324	1134	108	108	108	108	108	108	108	0	0	六阶2级火枪，46级可以使用，可以通过合成获得	2		weapon_106041
106043	icon_106041	龙息火炮	11	6	5	1	2	1.2	0.84	0.84	50	4400	330	1155	110	110	110	110	110	110	110	0	0	六阶3级火枪，47级可以使用，可以在黑石之翼中低级副本中获得	2		weapon_106041
106044	icon_106041	龙息火炮	11	6	5	1	3	1.25	0.76	0.76	51	4500	342	1197	114	114	114	114	114	114	114	0	0	六阶4级火枪，48级可以使用，可以通过合成获得	3		weapon_106041
106045	icon_106045	巨虫的幼体	12	6	5	1	3	1.3	0.68	0.68	52	4600	336	1176	112	112	112	112	112	112	112	0	0	六阶5级火枪，49级可以使用，可以在黑石之翼中高级副本中获得	3		weapon_106045
106046	icon_106045	巨虫的幼体	12	6	5	1	4	1.35	0.6	0.6	53	4700	342	1197	114	114	114	114	114	114	114	0	0	六阶6级火枪，50级可以使用，可以通过合成获得	4		weapon_106045
106047	icon_106045	巨虫的幼体	12	6	5	1	4	1.4	0.52	0.52	54	4800	348	1218	116	116	116	116	116	116	116	0	0	六阶7级火枪，51级可以使用，可以在黑石之翼高级副本中获得	4		weapon_106045
106048	icon_106045	巨虫的幼体	12	6	5	1	5	1.45	0.44	0.44	55	4900	360	1260	120	120	120	120	120	120	120	0	0	六阶8级火枪，52级可以使用，可以通过合成获得	5		weapon_106045
206001	icon_206001	督军之枪	30	6	5	1	4	1.3	0.83	0.83	35	2200	210	735	70	70	70	70	70	70	70	42	0	战场一节1级火枪，35级可以使用，附有韧性属性，可以通过战场兑换获得	4		weapon_206001
206002	icon_206001	督军之枪	31	6	5	1	4	1.35	0.78	0.78	40	2600	228	798	76	76	76	76	76	76	76	60	0	战场一节2级火枪，45级可以使用，附有韧性属性，可以通过战场兑换获得	4		weapon_206001
206003	icon_206001	督军之枪	32	6	5	1	4	1.4	0.46	0.6	45	3400	282	987	94	94	94	94	94	94	94	80	0	战场一节3级火枪，55级可以使用，附有韧性属性，可以通过战场兑换获得	4		weapon_206001
206004	icon_206002	鹰之眼	33	6	5	1	4	1.45	0.4	0.55	50	4200	312	1092	104	104	104	104	104	104	104	100	0	战场二节1级火枪，56级可以使用，附有韧性属性，可以通过战场兑换获得	4		weapon_206002
206005	icon_206002	鹰之眼	34	6	5	1	4	1.5	0.34	0.5	58	4900	360	1260	120	120	120	120	120	120	120	110	0	战场二节2级火枪，60级可以使用，附有韧性属性，可以通过战场兑换获得	4		weapon_206002
206006	icon_206002	鹰之眼	35	6	5	1	5	1.55	0.28	0.4	60	4900	360	1260	120	120	120	120	120	120	120	120	0	战场二节3级火枪，60级可以使用，附有韧性属性，可以通过战场兑换获得	5		weapon_206002
107001	icon_107001	基础战弓	1	7	5	1	1	0.1	3	3	2	200	60	210	20	20	20	20	20	20	20	0	0	一阶1级弓箭，1级可以使用，可以在主线或者银牙城堡低级副本中获得	1		weapon_107001
107002	icon_107001	基础战弓	1	7	5	1	2	0.15	2.8	2.8	4	300	72	252	24	24	24	24	24	24	24	0	0	一阶2级弓箭，3级可以使用，可以通过合成获得	2		weapon_107001
107003	icon_107001	基础战弓	1	7	5	1	2	0.2	2.6	2.6	6	400	78	273	26	26	26	26	26	26	26	0	0	一阶3级弓箭，5级可以使用，可以在银牙城堡中低级副本中获得	2		weapon_107001
107004	icon_107001	基础战弓	1	7	5	1	3	0.25	2.4	2.4	8	500	108	378	36	36	36	36	36	36	36	0	0	一阶4级弓箭，7级可以使用，可以通过合成获得	3		weapon_107001
107005	icon_107005	稳固弯弓	2	7	5	1	3	0.3	2.2	2.2	10	600	96	336	32	32	32	32	32	32	32	0	0	一阶5级弓箭，9级可以使用，可以在银牙城堡中高级副本中获得	3		weapon_107005
107006	icon_107005	稳固弯弓	2	7	5	1	4	0.35	2	2	12	700	108	378	36	36	36	36	36	36	36	0	0	一阶6级弓箭，10级可以使用，可以通过合成获得	4		weapon_107005
107007	icon_107005	稳固弯弓	2	7	5	1	4	0.4	1.8	1.8	14	800	114	399	38	38	38	38	38	38	38	0	0	一阶7级弓箭，11级可以使用，可以在银牙城堡高级副本中获得	4		weapon_107005
107008	icon_107005	稳固弯弓	2	7	5	1	5	0.45	1.6	1.6	15	900	126	441	42	42	42	42	42	42	42	0	0	一阶8级弓箭，12级可以使用，可以通过合成获得	5		weapon_107005
107009	icon_107009	厄运猎弓	3	7	5	1	1	0.3	2.5	2.5	16	1000	114	399	38	38	38	38	38	38	38	0	0	二阶1级弓箭，13级可以使用，可以在主线或者血色教堂低级副本中获得	1		weapon_107009
107010	icon_107009	厄运猎弓	3	7	5	1	2	0.35	2.3	2.3	17	1100	126	441	42	42	42	42	42	42	42	0	0	二阶2级弓箭，14级可以使用，可以通过合成获得	2		weapon_107009
107011	icon_107009	厄运猎弓	3	7	5	1	2	0.4	2.1	2.1	18	1200	132	462	44	44	44	44	44	44	44	0	0	二阶3级弓箭，15级可以使用，可以在血色教堂中低级副本中获得	2		weapon_107009
107012	icon_107009	厄运猎弓	3	7	5	1	3	0.45	1.9	1.9	19	1300	162	567	54	54	54	54	54	54	54	0	0	二阶4级弓箭，16级可以使用，可以通过合成获得	3		weapon_107009
107013	icon_107013	曼基之刺	4	7	5	1	3	0.5	1.7	1.7	20	1400	150	525	50	50	50	50	50	50	50	0	0	二阶5级弓箭，17级可以使用，可以在血色教堂中高级副本中获得	3		weapon_107013
107014	icon_107013	曼基之刺	4	7	5	1	4	0.55	1.5	1.5	21	1500	162	567	54	54	54	54	54	54	54	0	0	二阶6级弓箭，18级可以使用，可以通过合成获得	4		weapon_107013
107015	icon_107013	曼基之刺	4	7	5	1	4	0.6	1.3	1.3	22	1600	168	588	56	56	56	56	56	56	56	0	0	二阶7级弓箭，19级可以使用，可以在血色教堂高级副本中获得	4		weapon_107013
107016	icon_107013	曼基之刺	4	7	5	1	5	0.65	1.1	1.1	23	1700	180	630	60	60	60	60	60	60	60	0	0	二阶8级弓箭，20级可以使用，可以通过合成获得	5		weapon_107013
107017	icon_107017	灵魂之弦	5	7	5	1	1	0.5	2	2	24	1800	168	588	56	56	56	56	56	56	56	0	0	三阶1级弓箭，21级可以使用，可以在主线或者祖尔神迹低级副本中获得	1		weapon_107017
107018	icon_107017	灵魂之弦	5	7	5	1	2	0.55	1.85	1.85	25	1900	180	630	60	60	60	60	60	60	60	0	0	三阶2级弓箭，22级可以使用，可以通过合成获得	2		weapon_107017
107019	icon_107017	灵魂之弦	5	7	5	1	2	0.6	1.7	1.7	26	2000	186	651	62	62	62	62	62	62	62	0	0	三阶3级弓箭，23级可以使用，可以在祖尔神迹中低级副本中获得	2		weapon_107017
107020	icon_107017	灵魂之弦	5	7	5	1	3	0.65	1.55	1.55	27	2100	216	756	72	72	72	72	72	72	72	0	0	三阶4级弓箭，24级可以使用，可以通过合成获得	3		weapon_107017
107021	icon_107021	射手之翼	6	7	5	1	3	0.7	1.4	1.4	28	2200	210	735	70	70	70	70	70	70	70	0	0	三阶5级弓箭，25级可以使用，可以在祖尔神迹中高级副本中获得	3		weapon_107021
107022	icon_107021	射手之翼	6	7	5	1	4	0.75	1.25	1.25	29	2300	222	777	74	74	74	74	74	74	74	0	0	三阶6级弓箭，26级可以使用，可以通过合成获得	4		weapon_107021
107023	icon_107021	射手之翼	6	7	5	1	4	0.8	1.1	1.1	30	2400	228	798	76	76	76	76	76	76	76	0	0	三阶7级弓箭，27级可以使用，可以在祖尔神迹高级副本中获得	4		weapon_107021
107024	icon_107021	射手之翼	6	7	5	1	5	0.85	0.95	0.95	31	2500	240	840	80	80	80	80	80	80	80	0	0	三阶8级弓箭，28级可以使用，可以通过合成获得	5		weapon_107021
107025	icon_107025	冻结之刺	7	7	5	1	1	0.7	1.5	1.5	32	2600	228	798	76	76	76	76	76	76	76	0	0	四阶1级弓箭，29级可以使用，可以在主线或者厄运王国低级副本中获得	1		weapon_107025
107026	icon_107025	冻结之刺	7	7	5	1	2	0.75	1.4	1.4	33	2700	240	840	80	80	80	80	80	80	80	0	0	四阶2级弓箭，30级可以使用，可以通过合成获得	2		weapon_107025
107027	icon_107025	冻结之刺	7	7	5	1	2	0.8	1.3	1.3	34	2800	246	861	82	82	82	82	82	82	82	0	0	四阶3级弓箭，31级可以使用，可以在厄运王国中低级副本中获得	2		weapon_107025
107028	icon_107025	冻结之刺	7	7	5	1	3	0.85	1.2	1.2	35	2900	276	966	92	92	92	92	92	92	92	0	0	四阶4级弓箭，32级可以使用，可以通过合成获得	3		weapon_107025
107029	icon_107029	羽牙	8	7	5	1	3	0.9	1.1	1.1	36	3000	270	945	90	90	90	90	90	90	90	0	0	四阶5级弓箭，33级可以使用，可以在厄运王国中高级副本中获得	3		weapon_107029
107030	icon_107029	羽牙	8	7	5	1	4	0.95	1	1	37	3100	282	987	94	94	94	94	94	94	94	0	0	四阶6级弓箭，34级可以使用，可以通过合成获得	4		weapon_107029
107031	icon_107029	羽牙	8	7	5	1	4	1	0.9	0.9	38	3200	288	1008	96	96	96	96	96	96	96	0	0	四阶7级弓箭，35级可以使用，可以在厄运王国高级副本中获得	4		weapon_107029
107032	icon_107029	羽牙	8	7	5	1	5	1.05	0.8	0.8	39	3300	300	1050	100	100	100	100	100	100	100	0	0	四阶8级弓箭，36级可以使用，可以通过合成获得	5		weapon_107029
107033	icon_107033	哈兰之刺	9	7	5	1	1	0.9	1.2	1.2	40	3400	282	987	94	94	94	94	94	94	94	0	0	五阶1级弓箭，37级可以使用，可以在主线或者斯坦索姆低级副本中获得	1		weapon_107033
107034	icon_107033	哈兰之刺	9	7	5	1	2	0.95	1.1	1.1	41	3500	294	1029	98	98	98	98	98	98	98	0	0	五阶2级弓箭，38级可以使用，可以通过合成获得	2		weapon_107033
107035	icon_107033	哈兰之刺	9	7	5	1	2	1	1	1	42	3600	300	1050	100	100	100	100	100	100	100	0	0	五阶3级弓箭，39级可以使用，可以在斯坦索姆中低级副本中获得	2		weapon_107033
107036	icon_107033	哈兰之刺	9	7	5	1	3	1.05	0.9	0.9	43	3700	306	1071	102	102	102	102	102	102	102	0	0	五阶4级弓箭，40级可以使用，可以通过合成获得	3		weapon_107033
107037	icon_107037	凤凰之冠	10	7	5	1	3	1.1	0.8	0.8	44	3800	306	1071	102	102	102	102	102	102	102	0	0	五阶5级弓箭，41级可以使用，可以在斯坦索姆中高级副本中获得	3		weapon_107037
107038	icon_107037	凤凰之冠	10	7	5	1	4	1.15	0.7	0.7	45	3900	318	1113	106	106	106	106	106	106	106	0	0	五阶6级弓箭，42级可以使用，可以通过合成获得	4		weapon_107037
107039	icon_107037	凤凰之冠	10	7	5	1	4	1.2	0.6	0.6	46	4000	324	1134	108	108	108	108	108	108	108	0	0	五阶7级弓箭，43级可以使用，可以在斯坦索姆高级副本中获得	4		weapon_107037
107040	icon_107037	凤凰之冠	10	7	5	1	5	1.25	0.5	0.5	47	4100	330	1155	110	110	110	110	110	110	110	0	0	五阶8级弓箭，44级可以使用，可以通过合成获得	5		weapon_107037
107041	icon_107041	恶魔之羽	11	7	5	1	1	1.1	1	1	48	4200	312	1092	104	104	104	104	104	104	104	0	0	六阶1级弓箭，45级可以使用，可以在主线或者黑石之翼低级副本中获得	1		weapon_107041
107042	icon_107041	恶魔之羽	11	7	5	1	2	1.15	0.92	0.92	49	4300	324	1134	108	108	108	108	108	108	108	0	0	六阶2级弓箭，46级可以使用，可以通过合成获得	2		weapon_107041
107043	icon_107041	恶魔之羽	11	7	5	1	2	1.2	0.84	0.84	50	4400	330	1155	110	110	110	110	110	110	110	0	0	六阶3级弓箭，47级可以使用，可以在黑石之翼中低级副本中获得	2		weapon_107041
107044	icon_107041	恶魔之羽	11	7	5	1	3	1.25	0.76	0.76	51	4500	342	1197	114	114	114	114	114	114	114	0	0	六阶4级弓箭，48级可以使用，可以通过合成获得	3		weapon_107041
107045	icon_107045	阴霾之驭	12	7	5	1	3	1.3	0.68	0.68	52	4600	336	1176	112	112	112	112	112	112	112	0	0	六阶5级弓箭，49级可以使用，可以在黑石之翼中高级副本中获得	3		weapon_107045
107046	icon_107045	阴霾之驭	12	7	5	1	4	1.35	0.6	0.6	53	4700	342	1197	114	114	114	114	114	114	114	0	0	六阶6级弓箭，50级可以使用，可以通过合成获得	4		weapon_107045
107047	icon_107045	阴霾之驭	12	7	5	1	4	1.4	0.52	0.52	54	4800	348	1218	116	116	116	116	116	116	116	0	0	六阶7级弓箭，51级可以使用，可以在黑石之翼高级副本中获得	4		weapon_107045
107048	icon_107045	阴霾之驭	12	7	5	1	5	1.45	0.44	0.44	55	4900	360	1260	120	120	120	120	120	120	120	0	0	六阶8级弓箭，52级可以使用，可以通过合成获得	5		weapon_107045
207001	icon_207001	督军之怒	30	7	5	1	4	1.3	0.83	0.83	35	2200	210	735	70	70	70	70	70	70	70	42	0	战场一节1级弓箭，35级可以使用，附有韧性属性，可以通过战场兑换获得	4		weapon_207001
207002	icon_207001	督军之怒	31	7	5	1	4	1.35	0.78	0.78	40	2600	228	798	76	76	76	76	76	76	76	60	0	战场一节2级弓箭，45级可以使用，附有韧性属性，可以通过战场兑换获得	4		weapon_207001
207003	icon_207001	督军之怒	32	7	5	1	4	1.4	0.46	0.6	45	3400	282	987	94	94	94	94	94	94	94	80	0	战场一节3级弓箭，55级可以使用，附有韧性属性，可以通过战场兑换获得	4		weapon_207001
207004	icon_207002	大元帅之弓	33	7	5	1	4	1.45	0.4	0.55	50	4200	312	1092	104	104	104	104	104	104	104	100	0	战场二节1级弓箭，56级可以使用，附有韧性属性，可以通过战场兑换获得	4		weapon_207002
207005	icon_207002	大元帅之弓	34	7	5	1	4	1.5	0.34	0.5	58	4900	360	1260	120	120	120	120	120	120	120	110	0	战场二节2级弓箭，60级可以使用，附有韧性属性，可以通过战场兑换获得	4		weapon_207002
207006	icon_207002	大元帅之弓	35	7	5	1	5	1.55	0.28	0.4	60	4900	360	1260	120	120	120	120	120	120	120	120	0	战场二节3级弓箭，60级可以使用，附有韧性属性，可以通过战场兑换获得	5		weapon_207002
113001	icon_113001	魂坠饰	1	13	5	2	1	0.05	3	3	2	200	15	315	20	20	20	20	20	20	20	0	0	一阶1级项链，1级可以使用，可以在主线或者银牙城堡低级副本中获得	1
113002	icon_113001	魂坠饰	1	13	5	2	2	0.08	2.8	2.8	4	300	18	378	24	24	24	24	24	24	24	0	0	一阶2级项链，3级可以使用，可以通过合成获得	2
113003	icon_113001	魂坠饰	1	13	5	2	2	0.11	2.6	2.6	6	400	20	410	26	26	26	26	26	26	26	0	0	一阶3级项链，5级可以使用，可以在银牙城堡中低级副本中获得	2
113004	icon_113001	魂坠饰	1	13	5	2	3	0.14	2.4	2.4	8	500	27	567	36	36	36	36	36	36	36	0	0	一阶4级项链，7级可以使用，可以通过合成获得	3
113005	icon_113005	尼拉斯护符	2	13	5	2	3	0.17	2.2	2.2	10	600	24	504	32	32	32	32	32	32	32	0	0	一阶5级项链，9级可以使用，可以在银牙城堡中高级副本中获得	3
113006	icon_113005	尼拉斯护符	2	13	5	2	4	0.2	2	2	12	700	27	567	36	36	36	36	36	36	36	0	0	一阶6级项链，11级可以使用，可以通过合成获得	4
113007	icon_113005	尼拉斯护符	2	13	5	2	4	0.23	1.8	1.8	14	800	29	599	38	38	38	38	38	38	38	0	0	一阶7级项链，12级可以使用，可以在银牙城堡高级副本中获得	4
113008	icon_113005	尼拉斯护符	2	13	5	2	5	0.26	1.6	1.6	15	900	32	662	42	42	42	42	42	42	42	0	0	一阶8级项链，13级可以使用，可以通过合成获得	5
113009	icon_113009	寒霜之触	3	13	5	2	1	0.25	2.5	2.5	16	1000	29	599	38	38	38	38	38	38	38	0	0	二阶1级项链，14级可以使用，可以在主线或者血色教堂低级副本中获得	1
113010	icon_113009	寒霜之触	3	13	5	2	2	0.28	2.3	2.3	17	1100	32	662	42	42	42	42	42	42	42	0	0	二阶2级项链，15级可以使用，可以通过合成获得	2
113011	icon_113009	寒霜之触	3	13	5	2	2	0.31	2.1	2.1	18	1200	33	693	44	44	44	44	44	44	44	0	0	二阶3级项链，16级可以使用，可以在血色教堂中低级副本中获得	2
113012	icon_113009	寒霜之触	3	13	5	2	3	0.34	1.9	1.9	19	1300	41	851	54	54	54	54	54	54	54	0	0	二阶4级项链，17级可以使用，可以通过合成获得	3
113013	icon_113013	屠龙之徽	4	13	5	2	3	0.37	1.7	1.7	20	1400	38	788	50	50	50	50	50	50	50	0	0	二阶5级项链，18级可以使用，可以在血色教堂中高级副本中获得	3
113014	icon_113013	屠龙之徽	4	13	5	2	4	0.4	1.5	1.5	21	1500	41	851	54	54	54	54	54	54	54	0	0	二阶6级项链，19级可以使用，可以通过合成获得	4
113015	icon_113013	屠龙之徽	4	13	5	2	4	0.43	1.3	1.3	22	1600	42	882	56	56	56	56	56	56	56	0	0	二阶7级项链，20级可以使用，可以在血色教堂高级副本中获得	4
113016	icon_113013	屠龙之徽	4	13	5	2	5	0.46	1.1	1.1	23	1700	45	945	60	60	60	60	60	60	60	0	0	二阶8级项链，21级可以使用，可以通过合成获得	5
113017	icon_113017	阴谋饰物	5	13	5	2	1	0.45	2	2	24	1800	42	882	56	56	56	56	56	56	56	0	0	三阶1级项链，22级可以使用，可以在主线或者祖尔神迹低级副本中获得	1
113018	icon_113017	阴谋饰物	5	13	5	2	2	0.48	1.85	1.85	25	1900	45	945	60	60	60	60	60	60	60	0	0	三阶2级项链，23级可以使用，可以通过合成获得	2
113019	icon_113017	阴谋饰物	5	13	5	2	2	0.51	1.7	1.7	26	2000	47	977	62	62	62	62	62	62	62	0	0	三阶3级项链，24级可以使用，可以在祖尔神迹中低级副本中获得	2
113020	icon_113017	阴谋饰物	5	13	5	2	3	0.54	1.55	1.55	27	2100	54	1134	72	72	72	72	72	72	72	0	0	三阶4级项链，25级可以使用，可以通过合成获得	3
113021	icon_113021	格拉斯项圈	6	13	5	2	3	0.57	1.4	1.4	28	2200	53	1103	70	70	70	70	70	70	70	0	0	三阶5级项链，26级可以使用，可以在祖尔神迹中高级副本中获得	3
113022	icon_113021	格拉斯项圈	6	13	5	2	4	0.6	1.25	1.25	29	2300	56	1166	74	74	74	74	74	74	74	0	0	三阶6级项链，27级可以使用，可以通过合成获得	4
113023	icon_113021	格拉斯项圈	6	13	5	2	4	0.63	1.1	1.1	30	2400	57	1197	76	76	76	76	76	76	76	0	0	三阶7级项链，28级可以使用，可以在祖尔神迹高级副本中获得	4
113024	icon_113021	格拉斯项圈	6	13	5	2	5	0.66	0.95	0.95	31	2500	60	1260	80	80	80	80	80	80	80	0	0	三阶8级项链，29级可以使用，可以通过合成获得	5
113025	icon_113025	遗忘之名	7	13	5	2	1	0.65	1.5	1.5	32	2600	57	1197	76	76	76	76	76	76	76	0	0	四阶1级项链，30级可以使用，可以在主线或者厄运王国低级副本中获得	1
113026	icon_113025	遗忘之名	7	13	5	2	2	0.68	1.4	1.4	33	2700	60	1260	80	80	80	80	80	80	80	0	0	四阶2级项链，31级可以使用，可以通过合成获得	2
113027	icon_113025	遗忘之名	7	13	5	2	2	0.71	1.3	1.3	34	2800	62	1292	82	82	82	82	82	82	82	0	0	四阶3级项链，32级可以使用，可以在厄运王国中低级副本中获得	2
113028	icon_113025	遗忘之名	7	13	5	2	3	0.74	1.2	1.2	35	2900	69	1449	92	92	92	92	92	92	92	0	0	四阶4级项链，33级可以使用，可以通过合成获得	3
113029	icon_113029	囚徒宝石	8	13	5	2	3	0.77	1.1	1.1	36	3000	68	1418	90	90	90	90	90	90	90	0	0	四阶5级项链，34级可以使用，可以在厄运王国中高级副本中获得	3
113030	icon_113029	囚徒宝石	8	13	5	2	4	0.8	1	1	37	3100	71	1481	94	94	94	94	94	94	94	0	0	四阶6级项链，35级可以使用，可以通过合成获得	4
113031	icon_113029	囚徒宝石	8	13	5	2	4	0.83	0.9	0.9	38	3200	72	1512	96	96	96	96	96	96	96	0	0	四阶7级项链，36级可以使用，可以在厄运王国高级副本中获得	4
113032	icon_113029	囚徒宝石	8	13	5	2	5	0.86	0.8	0.8	39	3300	75	1575	100	100	100	100	100	100	100	0	0	四阶8级项链，37级可以使用，可以通过合成获得	5
113033	icon_113033	神明咒符	9	13	5	2	1	0.85	1.2	1.2	40	3400	71	1481	94	94	94	94	94	94	94	0	0	五阶1级项链，38级可以使用，可以在主线或者斯坦索姆低级副本中获得	1
113034	icon_113033	神明咒符	9	13	5	2	2	0.88	1.1	1.1	41	3500	74	1544	98	98	98	98	98	98	98	0	0	五阶2级项链，39级可以使用，可以通过合成获得	2
113035	icon_113033	神明咒符	9	13	5	2	2	0.91	1	1	42	3600	75	1575	100	100	100	100	100	100	100	0	0	五阶3级项链，40级可以使用，可以在斯坦索姆中低级副本中获得	2
113036	icon_113033	神明咒符	9	13	5	2	3	0.9399999999999999	0.9	0.9	43	3700	77	1607	102	102	102	102	102	102	102	0	0	五阶4级项链，41级可以使用，可以通过合成获得	3
113037	icon_113037	克苏恩印记	10	13	5	2	3	0.97	0.8	0.8	44	3800	77	1607	102	102	102	102	102	102	102	0	0	五阶5级项链，42级可以使用，可以在斯坦索姆中高级副本中获得	3
113038	icon_113037	克苏恩印记	10	13	5	2	4	1	0.7	0.7	45	3900	80	1670	106	106	106	106	106	106	106	0	0	五阶6级项链，43级可以使用，可以通过合成获得	4
113039	icon_113037	克苏恩印记	10	13	5	2	4	1.03	0.6	0.6	46	4000	81	1701	108	108	108	108	108	108	108	0	0	五阶7级项链，44级可以使用，可以在斯坦索姆高级副本中获得	4
113040	icon_113037	克苏恩印记	10	13	5	2	5	1.06	0.5	0.5	47	4100	83	1733	110	110	110	110	110	110	110	0	0	五阶8级项链，45级可以使用，可以通过合成获得	5
113041	icon_113041	生命牵引者	11	13	5	2	1	1.05	1	1	48	4200	78	1638	104	104	104	104	104	104	104	0	0	六阶1级项链，46级可以使用，可以在主线或者黑石之翼低级副本中获得	1
113042	icon_113041	生命牵引者	11	13	5	2	2	1.08	0.92	0.92	49	4300	81	1701	108	108	108	108	108	108	108	0	0	六阶2级项链，47级可以使用，可以通过合成获得	2
113043	icon_113041	生命牵引者	11	13	5	2	2	1.11	0.84	0.84	50	4400	83	1733	110	110	110	110	110	110	110	0	0	六阶3级项链，48级可以使用，可以在黑石之翼中低级副本中获得	2
113044	icon_113041	生命牵引者	11	13	5	2	3	1.14	0.76	0.76	51	4500	86	1796	114	114	114	114	114	114	114	0	0	六阶4级项链，49级可以使用，可以通过合成获得	3
113045	icon_113045	沸腾符咒	12	13	5	2	3	1.17	0.68	0.68	52	4600	84	1764	112	112	112	112	112	112	112	0	0	六阶5级项链，50级可以使用，可以在黑石之翼中高级副本中获得	3
113046	icon_113045	沸腾符咒	12	13	5	2	4	1.2	0.6	0.6	53	4700	86	1796	114	114	114	114	114	114	114	0	0	六阶6级项链，51级可以使用，可以通过合成获得	4
113047	icon_113045	沸腾符咒	12	13	5	2	4	1.23	0.52	0.52	54	4800	87	1827	116	116	116	116	116	116	116	0	0	六阶7级项链，52级可以使用，可以在黑石之翼高级副本中获得	4
113048	icon_113045	沸腾符咒	12	13	5	2	5	1.26	0.44	0.44	55	4900	90	1890	120	120	120	120	120	120	120	0	0	六阶8级项链，53级可以使用，可以通过合成获得	5
213001	icon_213001	灵魂战链	30	13	5	2	4	1.25	0.83	0.83	35	2200	53	1103	70	70	70	70	70	70	70	42	0	战场一节1级项链，36级可以使用，附有韧性属性，可以通过战场兑换获得	4
213002	icon_213001	灵魂战链	31	13	5	2	4	1.28	0.78	0.78	40	2600	57	1197	76	76	76	76	76	76	76	60	0	战场一节2级项链，46级可以使用，附有韧性属性，可以通过战场兑换获得	4
213003	icon_213001	灵魂战链	32	13	5	2	4	1.31	0.46	0.6	45	3400	71	1481	94	94	94	94	94	94	94	80	0	战场一节3级项链，56级可以使用，附有韧性属性，可以通过战场兑换获得	4
213004	icon_213002	荣耀之光	33	13	5	2	4	1.34	0.4	0.55	50	4200	78	1638	104	104	104	104	104	104	104	100	0	战场二节1级项链，57级可以使用，附有韧性属性，可以通过战场兑换获得	4
213005	icon_213002	荣耀之光	34	13	5	2	4	1.37	0.34	0.5	58	4900	90	1890	120	120	120	120	120	120	120	110	0	战场二节2级项链，60级可以使用，附有韧性属性，可以通过战场兑换获得	4
213006	icon_213002	荣耀之光	35	13	5	2	5	1.4	0.28	0.4	60	4900	90	1890	120	120	120	120	120	120	120	120	0	战场二节3级项链，60级可以使用，附有韧性属性，可以通过战场兑换获得	5
114001	icon_114001	大帝之戒	1	14	5	3	1	0.05	3	3	2	200	45	105	20	20	20	20	20	20	20	0	0	一阶1级戒指，1级可以使用，可以在主线或者银牙城堡低级副本中获得	1
114002	icon_114001	大帝之戒	1	14	5	3	2	0.08	2.8	2.8	4	300	54	126	24	24	24	24	24	24	24	0	0	一阶2级戒指，3级可以使用，可以通过合成获得	2
114003	icon_114001	大帝之戒	1	14	5	3	2	0.11	2.6	2.6	6	400	59	137	26	26	26	26	26	26	26	0	0	一阶3级戒指，5级可以使用，可以在银牙城堡中低级副本中获得	2
114004	icon_114001	大帝之戒	1	14	5	3	3	0.14	2.4	2.4	8	500	81	189	36	36	36	36	36	36	36	0	0	一阶4级戒指，7级可以使用，可以通过合成获得	3
114005	icon_114005	屠龙之戒	2	14	5	3	3	0.17	2.2	2.2	10	600	72	168	32	32	32	32	32	32	32	0	0	一阶5级戒指，9级可以使用，可以在银牙城堡中高级副本中获得	3
114006	icon_114005	屠龙之戒	2	14	5	3	4	0.2	2	2	12	700	81	189	36	36	36	36	36	36	36	0	0	一阶6级戒指，12级可以使用，可以通过合成获得	4
114007	icon_114005	屠龙之戒	2	14	5	3	4	0.23	1.8	1.8	14	800	86	200	38	38	38	38	38	38	38	0	0	一阶7级戒指，13级可以使用，可以在银牙城堡高级副本中获得	4
114008	icon_114005	屠龙之戒	2	14	5	3	5	0.26	1.6	1.6	15	900	95	221	42	42	42	42	42	42	42	0	0	一阶8级戒指，14级可以使用，可以通过合成获得	5
114009	icon_114009	清算之戒	3	14	5	3	1	0.25	2.5	2.5	16	1000	86	200	38	38	38	38	38	38	38	0	0	二阶1级戒指，15级可以使用，可以在主线或者血色教堂低级副本中获得	1
114010	icon_114009	清算之戒	3	14	5	3	2	0.28	2.3	2.3	17	1100	95	221	42	42	42	42	42	42	42	0	0	二阶2级戒指，16级可以使用，可以通过合成获得	2
114011	icon_114009	清算之戒	3	14	5	3	2	0.31	2.1	2.1	18	1200	99	231	44	44	44	44	44	44	44	0	0	二阶3级戒指，17级可以使用，可以在血色教堂中低级副本中获得	2
114012	icon_114009	清算之戒	3	14	5	3	3	0.34	1.9	1.9	19	1300	122	284	54	54	54	54	54	54	54	0	0	二阶4级戒指，18级可以使用，可以通过合成获得	3
114013	icon_114013	祈祷之戒	4	14	5	3	3	0.37	1.7	1.7	20	1400	113	263	50	50	50	50	50	50	50	0	0	二阶5级戒指，19级可以使用，可以在血色教堂中高级副本中获得	3
114014	icon_114013	祈祷之戒	4	14	5	3	4	0.4	1.5	1.5	21	1500	122	284	54	54	54	54	54	54	54	0	0	二阶6级戒指，20级可以使用，可以通过合成获得	4
114015	icon_114013	祈祷之戒	4	14	5	3	4	0.43	1.3	1.3	22	1600	126	294	56	56	56	56	56	56	56	0	0	二阶7级戒指，21级可以使用，可以在血色教堂高级副本中获得	4
114016	icon_114013	祈祷之戒	4	14	5	3	5	0.46	1.1	1.1	23	1700	135	315	60	60	60	60	60	60	60	0	0	二阶8级戒指，22级可以使用，可以通过合成获得	5
114017	icon_114017	命运之戒	5	14	5	3	1	0.45	2	2	24	1800	126	294	56	56	56	56	56	56	56	0	0	三阶1级戒指，23级可以使用，可以在主线或者祖尔神迹低级副本中获得	1
114018	icon_114017	命运之戒	5	14	5	3	2	0.48	1.85	1.85	25	1900	135	315	60	60	60	60	60	60	60	0	0	三阶2级戒指，24级可以使用，可以通过合成获得	2
114019	icon_114017	命运之戒	5	14	5	3	2	0.51	1.7	1.7	26	2000	140	326	62	62	62	62	62	62	62	0	0	三阶3级戒指，25级可以使用，可以在祖尔神迹中低级副本中获得	2
114020	icon_114017	命运之戒	5	14	5	3	3	0.54	1.55	1.55	27	2100	162	378	72	72	72	72	72	72	72	0	0	三阶4级戒指，26级可以使用，可以通过合成获得	3
114021	icon_114021	鼓舞之戒	6	14	5	3	3	0.57	1.4	1.4	28	2200	158	368	70	70	70	70	70	70	70	0	0	三阶5级戒指，27级可以使用，可以在祖尔神迹中高级副本中获得	3
114022	icon_114021	鼓舞之戒	6	14	5	3	4	0.6	1.25	1.25	29	2300	167	389	74	74	74	74	74	74	74	0	0	三阶6级戒指，28级可以使用，可以通过合成获得	4
114023	icon_114021	鼓舞之戒	6	14	5	3	4	0.63	1.1	1.1	30	2400	171	399	76	76	76	76	76	76	76	0	0	三阶7级戒指，29级可以使用，可以在祖尔神迹高级副本中获得	4
114024	icon_114021	鼓舞之戒	6	14	5	3	5	0.66	0.95	0.95	31	2500	180	420	80	80	80	80	80	80	80	0	0	三阶8级戒指，30级可以使用，可以通过合成获得	5
114025	icon_114025	冰雹指环	7	14	5	3	1	0.65	1.5	1.5	32	2600	171	399	76	76	76	76	76	76	76	0	0	四阶1级戒指，31级可以使用，可以在主线或者厄运王国低级副本中获得	1
114026	icon_114025	冰雹指环	7	14	5	3	2	0.68	1.4	1.4	33	2700	180	420	80	80	80	80	80	80	80	0	0	四阶2级戒指，32级可以使用，可以通过合成获得	2
114027	icon_114025	冰雹指环	7	14	5	3	2	0.71	1.3	1.3	34	2800	185	431	82	82	82	82	82	82	82	0	0	四阶3级戒指，33级可以使用，可以在厄运王国中低级副本中获得	2
114028	icon_114025	冰雹指环	7	14	5	3	3	0.74	1.2	1.2	35	2900	207	483	92	92	92	92	92	92	92	0	0	四阶4级戒指，34级可以使用，可以通过合成获得	3
114029	icon_114029	超自然之环	8	14	5	3	3	0.77	1.1	1.1	36	3000	203	473	90	90	90	90	90	90	90	0	0	四阶5级戒指，35级可以使用，可以在厄运王国中高级副本中获得	3
114030	icon_114029	超自然之环	8	14	5	3	4	0.8	1	1	37	3100	212	494	94	94	94	94	94	94	94	0	0	四阶6级戒指，36级可以使用，可以通过合成获得	4
114031	icon_114029	超自然之环	8	14	5	3	4	0.83	0.9	0.9	38	3200	216	504	96	96	96	96	96	96	96	0	0	四阶7级戒指，37级可以使用，可以在厄运王国高级副本中获得	4
114032	icon_114029	超自然之环	8	14	5	3	5	0.86	0.8	0.8	39	3300	225	525	100	100	100	100	100	100	100	0	0	四阶8级戒指，38级可以使用，可以通过合成获得	5
114033	icon_114033	灵魂之戒	9	14	5	3	1	0.85	1.2	1.2	40	3400	212	494	94	94	94	94	94	94	94	0	0	五阶1级戒指，39级可以使用，可以在主线或者斯坦索姆低级副本中获得	1
114034	icon_114033	灵魂之戒	9	14	5	3	2	0.88	1.1	1.1	41	3500	221	515	98	98	98	98	98	98	98	0	0	五阶2级戒指，40级可以使用，可以通过合成获得	2
114035	icon_114033	灵魂之戒	9	14	5	3	2	0.91	1	1	42	3600	225	525	100	100	100	100	100	100	100	0	0	五阶3级戒指，41级可以使用，可以在斯坦索姆中低级副本中获得	2
114036	icon_114033	灵魂之戒	9	14	5	3	3	0.9399999999999999	0.9	0.9	43	3700	230	536	102	102	102	102	102	102	102	0	0	五阶4级戒指，42级可以使用，可以通过合成获得	3
114037	icon_114037	诅咒者徽记	10	14	5	3	3	0.97	0.8	0.8	44	3800	230	536	102	102	102	102	102	102	102	0	0	五阶5级戒指，43级可以使用，可以在斯坦索姆中高级副本中获得	3
114038	icon_114037	诅咒者徽记	10	14	5	3	4	1	0.7	0.7	45	3900	239	557	106	106	106	106	106	106	106	0	0	五阶6级戒指，44级可以使用，可以通过合成获得	4
114039	icon_114037	诅咒者徽记	10	14	5	3	4	1.03	0.6	0.6	46	4000	243	567	108	108	108	108	108	108	108	0	0	五阶7级戒指，45级可以使用，可以在斯坦索姆高级副本中获得	4
114040	icon_114037	诅咒者徽记	10	14	5	3	5	1.06	0.5	0.5	47	4100	248	578	110	110	110	110	110	110	110	0	0	五阶8级戒指，46级可以使用，可以通过合成获得	5
114041	icon_114041	屠神者之戒	11	14	5	3	1	1.05	1	1	48	4200	234	546	104	104	104	104	104	104	104	0	0	六阶1级戒指，47级可以使用，可以在主线或者黑石之翼低级副本中获得	1
114042	icon_114041	屠神者之戒	11	14	5	3	2	1.08	0.92	0.92	49	4300	243	567	108	108	108	108	108	108	108	0	0	六阶2级戒指，48级可以使用，可以通过合成获得	2
114043	icon_114041	屠神者之戒	11	14	5	3	2	1.11	0.84	0.84	50	4400	248	578	110	110	110	110	110	110	110	0	0	六阶3级戒指，49级可以使用，可以在黑石之翼中低级副本中获得	2
114044	icon_114041	屠神者之戒	11	14	5	3	3	1.14	0.76	0.76	51	4500	257	599	114	114	114	114	114	114	114	0	0	六阶4级戒指，50级可以使用，可以通过合成获得	3
114045	icon_114045	堕落之神明	12	14	5	3	3	1.17	0.68	0.68	52	4600	252	588	112	112	112	112	112	112	112	0	0	六阶5级戒指，51级可以使用，可以在黑石之翼中高级副本中获得	3
114046	icon_114045	堕落之神明	12	14	5	3	4	1.2	0.6	0.6	53	4700	257	599	114	114	114	114	114	114	114	0	0	六阶6级戒指，52级可以使用，可以通过合成获得	4
114047	icon_114045	堕落之神明	12	14	5	3	4	1.23	0.52	0.52	54	4800	261	609	116	116	116	116	116	116	116	0	0	六阶7级戒指，53级可以使用，可以在黑石之翼高级副本中获得	4
114048	icon_114045	堕落之神明	12	14	5	3	5	1.26	0.44	0.44	55	4900	270	630	120	120	120	120	120	120	120	0	0	六阶8级戒指，54级可以使用，可以通过合成获得	5
214001	icon_214001	战龙之徽	30	14	5	3	4	1.25	0.83	0.83	35	2200	158	368	70	70	70	70	70	70	70	42	0	战场一节1级戒指，37级可以使用，附有韧性属性，可以通过战场兑换获得	4
214002	icon_214001	战龙之徽	31	14	5	3	4	1.28	0.78	0.78	40	3400	212	494	94	94	94	94	94	94	94	60	0	战场一节2级戒指，47级可以使用，附有韧性属性，可以通过战场兑换获得	4
214003	icon_214001	战龙之徽	32	14	5	3	4	1.31	0.46	0.6	45	4200	234	546	104	104	104	104	104	104	104	80	0	战场一节3级戒指，57级可以使用，附有韧性属性，可以通过战场兑换获得	4
214004	icon_214002	魔吸之戒	33	14	5	3	4	1.34	0.4	0.55	50	3300	225	525	100	100	100	100	100	100	100	100	0	战场二节1级戒指，58级可以使用，附有韧性属性，可以通过战场兑换获得	4
214005	icon_214002	魔吸之戒	34	14	5	3	4	1.37	0.34	0.5	58	4900	270	630	120	120	120	120	120	120	120	110	0	战场二节2级戒指，60级可以使用，附有韧性属性，可以通过战场兑换获得	4
214006	icon_214002	魔吸之戒	35	14	5	3	5	1.4	0.28	0.4	60	4900	270	630	120	120	120	120	120	120	120	120	0	战场二节3级戒指，60级可以使用，附有韧性属性，可以通过战场兑换获得	5
115001	icon_115001	深奥束腕	1	15	5	4	1	0.05	3	3	2	200	30	420	20	20	20	20	20	20	20	0	0	一阶1级手镯，1级可以使用，可以在主线或者银牙城堡低级副本中获得	1
115002	icon_115001	深奥束腕	1	15	5	4	2	0.08	2.8	2.8	4	300	36	504	24	24	24	24	24	24	24	0	0	一阶2级手镯，3级可以使用，可以通过合成获得	2
115003	icon_115001	深奥束腕	1	15	5	4	2	0.11	2.6	2.6	6	400	39	546	26	26	26	26	26	26	26	0	0	一阶3级手镯，5级可以使用，可以在银牙城堡中低级副本中获得	2
115004	icon_115001	深奥束腕	1	15	5	4	3	0.14	2.4	2.4	8	500	54	756	36	36	36	36	36	36	36	0	0	一阶4级手镯，7级可以使用，可以通过合成获得	3
115005	icon_115005	觉醒者手镯	2	15	5	4	3	0.17	2.2	2.2	10	600	48	672	32	32	32	32	32	32	32	0	0	一阶5级手镯，9级可以使用，可以在银牙城堡中高级副本中获得	3
115006	icon_115005	觉醒者手镯	2	15	5	4	4	0.2	2	2	12	700	54	756	36	36	36	36	36	36	36	0	0	一阶6级手镯，13级可以使用，可以通过合成获得	4
115007	icon_115005	觉醒者手镯	2	15	5	4	4	0.23	1.8	1.8	14	800	57	798	38	38	38	38	38	38	38	0	0	一阶7级手镯，14级可以使用，可以在银牙城堡高级副本中获得	4
115008	icon_115005	觉醒者手镯	2	15	5	4	5	0.26	1.6	1.6	15	900	63	882	42	42	42	42	42	42	42	0	0	一阶8级手镯，15级可以使用，可以通过合成获得	5
115009	icon_115009	狂暴者护腕	3	15	5	4	1	0.25	2.5	2.5	16	1000	57	798	38	38	38	38	38	38	38	0	0	二阶1级手镯，16级可以使用，可以在主线或者血色教堂低级副本中获得	1
115010	icon_115009	狂暴者护腕	3	15	5	4	2	0.28	2.3	2.3	17	1100	63	882	42	42	42	42	42	42	42	0	0	二阶2级手镯，17级可以使用，可以通过合成获得	2
115011	icon_115009	狂暴者护腕	3	15	5	4	2	0.31	2.1	2.1	18	1200	66	924	44	44	44	44	44	44	44	0	0	二阶3级手镯，18级可以使用，可以在血色教堂中低级副本中获得	2
115012	icon_115009	狂暴者护腕	3	15	5	4	3	0.34	1.9	1.9	19	1300	81	1134	54	54	54	54	54	54	54	0	0	二阶4级手镯，19级可以使用，可以通过合成获得	3
115013	icon_115013	黑铁护腕	4	15	5	4	3	0.37	1.7	1.7	20	1400	75	1050	50	50	50	50	50	50	50	0	0	二阶5级手镯，20级可以使用，可以在血色教堂中高级副本中获得	3
115014	icon_115013	黑铁护腕	4	15	5	4	4	0.4	1.5	1.5	21	1500	81	1134	54	54	54	54	54	54	54	0	0	二阶6级手镯，21级可以使用，可以通过合成获得	4
115015	icon_115013	黑铁护腕	4	15	5	4	4	0.43	1.3	1.3	22	1600	84	1176	56	56	56	56	56	56	56	0	0	二阶7级手镯，22级可以使用，可以在血色教堂高级副本中获得	4
115016	icon_115013	黑铁护腕	4	15	5	4	5	0.46	1.1	1.1	23	1700	90	1260	60	60	60	60	60	60	60	0	0	二阶8级手镯，23级可以使用，可以通过合成获得	5
115017	icon_115017	狂暴者护腕	5	15	5	4	1	0.45	2	2	24	1800	84	1176	56	56	56	56	56	56	56	0	0	三阶1级手镯，24级可以使用，可以在主线或者祖尔神迹低级副本中获得	1
115018	icon_115017	狂暴者护腕	5	15	5	4	2	0.48	1.85	1.85	25	1900	90	1260	60	60	60	60	60	60	60	0	0	三阶2级手镯，25级可以使用，可以通过合成获得	2
115019	icon_115017	狂暴者护腕	5	15	5	4	2	0.51	1.7	1.7	26	2000	93	1302	62	62	62	62	62	62	62	0	0	三阶3级手镯，26级可以使用，可以在祖尔神迹中低级副本中获得	2
115020	icon_115017	狂暴者护腕	5	15	5	4	3	0.54	1.55	1.55	27	2100	108	1512	72	72	72	72	72	72	72	0	0	三阶4级手镯，27级可以使用，可以通过合成获得	3
115021	icon_115021	龙骨护腕	6	15	5	4	3	0.57	1.4	1.4	28	2200	105	1470	70	70	70	70	70	70	70	0	0	三阶5级手镯，28级可以使用，可以在祖尔神迹中高级副本中获得	3
115022	icon_115021	龙骨护腕	6	15	5	4	4	0.6	1.25	1.25	29	2300	111	1554	74	74	74	74	74	74	74	0	0	三阶6级手镯，29级可以使用，可以通过合成获得	4
115023	icon_115021	龙骨护腕	6	15	5	4	4	0.63	1.1	1.1	30	2400	114	1596	76	76	76	76	76	76	76	0	0	三阶7级手镯，30级可以使用，可以在祖尔神迹高级副本中获得	4
115024	icon_115021	龙骨护腕	6	15	5	4	5	0.66	0.95	0.95	31	2500	120	1680	80	80	80	80	80	80	80	0	0	三阶8级手镯，31级可以使用，可以通过合成获得	5
115025	icon_115025	污染者护腕	7	15	5	4	1	0.65	1.5	1.5	32	2600	114	1596	76	76	76	76	76	76	76	0	0	四阶1级手镯，32级可以使用，可以在主线或者厄运王国低级副本中获得	1
115026	icon_115025	污染者护腕	7	15	5	4	2	0.68	1.4	1.4	33	2700	120	1680	80	80	80	80	80	80	80	0	0	四阶2级手镯，33级可以使用，可以通过合成获得	2
115027	icon_115025	污染者护腕	7	15	5	4	2	0.71	1.3	1.3	34	2800	123	1722	82	82	82	82	82	82	82	0	0	四阶3级手镯，34级可以使用，可以在厄运王国中低级副本中获得	2
115028	icon_115025	污染者护腕	7	15	5	4	3	0.74	1.2	1.2	35	2900	138	1932	92	92	92	92	92	92	92	0	0	四阶4级手镯，35级可以使用，可以通过合成获得	3
115029	icon_115029	复仇腕甲	8	15	5	4	3	0.77	1.1	1.1	36	3000	135	1890	90	90	90	90	90	90	90	0	0	四阶5级手镯，36级可以使用，可以在厄运王国中高级副本中获得	3
115030	icon_115029	复仇腕甲	8	15	5	4	4	0.8	1	1	37	3100	141	1974	94	94	94	94	94	94	94	0	0	四阶6级手镯，37级可以使用，可以通过合成获得	4
115031	icon_115029	复仇腕甲	8	15	5	4	4	0.83	0.9	0.9	38	3200	144	2016	96	96	96	96	96	96	96	0	0	四阶7级手镯，38级可以使用，可以在厄运王国高级副本中获得	4
115032	icon_115029	复仇腕甲	8	15	5	4	5	0.86	0.8	0.8	39	3300	150	2100	100	100	100	100	100	100	100	0	0	四阶8级手镯，39级可以使用，可以通过合成获得	5
115033	icon_115033	回荡护腕	9	15	5	4	1	0.85	1.2	1.2	40	3400	141	1974	94	94	94	94	94	94	94	0	0	五阶1级手镯，40级可以使用，可以在主线或者斯坦索姆低级副本中获得	1
115034	icon_115033	回荡护腕	9	15	5	4	2	0.88	1.1	1.1	41	3500	147	2058	98	98	98	98	98	98	98	0	0	五阶2级手镯，41级可以使用，可以通过合成获得	2
115035	icon_115033	回荡护腕	9	15	5	4	2	0.91	1	1	42	3600	150	2100	100	100	100	100	100	100	100	0	0	五阶3级手镯，42级可以使用，可以在斯坦索姆中低级副本中获得	2
115036	icon_115033	回荡护腕	9	15	5	4	3	0.9399999999999999	0.9	0.9	43	3700	153	2142	102	102	102	102	102	102	102	0	0	五阶4级手镯，43级可以使用，可以通过合成获得	3
115037	icon_115037	无畏护腕	10	15	5	4	3	0.97	0.8	0.8	44	3800	153	2142	102	102	102	102	102	102	102	0	0	五阶5级手镯，44级可以使用，可以在斯坦索姆中高级副本中获得	3
115038	icon_115037	无畏护腕	10	15	5	4	4	1	0.7	0.7	45	3900	159	2226	106	106	106	106	106	106	106	0	0	五阶6级手镯，45级可以使用，可以通过合成获得	4
115039	icon_115037	无畏护腕	10	15	5	4	4	1.03	0.6	0.6	46	4000	162	2268	108	108	108	108	108	108	108	0	0	五阶7级手镯，46级可以使用，可以在斯坦索姆高级副本中获得	4
115040	icon_115037	无畏护腕	10	15	5	4	5	1.06	0.5	0.5	47	4100	165	2310	110	110	110	110	110	110	110	0	0	五阶8级手镯，47级可以使用，可以通过合成获得	5
115041	icon_115041	惩罚护臂	11	15	5	4	1	1.05	1	1	48	4200	156	2184	104	104	104	104	104	104	104	0	0	六阶1级手镯，48级可以使用，可以在主线或者黑石之翼低级副本中获得	1
115042	icon_115041	惩罚护臂	11	15	5	4	2	1.08	0.92	0.92	49	4300	162	2268	108	108	108	108	108	108	108	0	0	六阶2级手镯，49级可以使用，可以通过合成获得	2
115043	icon_115041	惩罚护臂	11	15	5	4	2	1.11	0.84	0.84	50	4400	165	2310	110	110	110	110	110	110	110	0	0	六阶3级手镯，50级可以使用，可以在黑石之翼中低级副本中获得	2
115044	icon_115041	惩罚护臂	11	15	5	4	3	1.14	0.76	0.76	51	4500	171	2394	114	114	114	114	114	114	114	0	0	六阶4级手镯，51级可以使用，可以通过合成获得	3
115045	icon_115045	救赎护腕	12	15	5	4	3	1.17	0.68	0.68	52	4600	168	2352	112	112	112	112	112	112	112	0	0	六阶5级手镯，52级可以使用，可以在黑石之翼中高级副本中获得	3
115046	icon_115045	救赎护腕	12	15	5	4	4	1.2	0.6	0.6	53	4700	171	2394	114	114	114	114	114	114	114	0	0	六阶6级手镯，53级可以使用，可以通过合成获得	4
115047	icon_115045	救赎护腕	12	15	5	4	4	1.23	0.52	0.52	54	4800	174	2436	116	116	116	116	116	116	116	0	0	六阶7级手镯，54级可以使用，可以在黑石之翼高级副本中获得	4
115048	icon_115045	救赎护腕	12	15	5	4	5	1.26	0.44	0.44	55	4900	180	2520	120	120	120	120	120	120	120	0	0	六阶8级手镯，55级可以使用，可以通过合成获得	5
215001	icon_215001	氏族之护	30	15	5	4	4	1.25	0.83	0.83	35	2200	105	1470	70	70	70	70	70	70	70	42	0	战场一节1级手镯，38级可以使用，附有韧性属性，可以通过战场兑换获得	4
215002	icon_215001	氏族之护	31	15	5	4	4	1.28	0.78	0.78	40	2600	114	1596	76	76	76	76	76	76	76	60	0	战场一节2级手镯，48级可以使用，附有韧性属性，可以通过战场兑换获得	4
215003	icon_215001	氏族之护	32	15	5	4	4	1.31	0.46	0.6	45	3400	141	1974	94	94	94	94	94	94	94	80	0	战场一节3级手镯，58级可以使用，附有韧性属性，可以通过战场兑换获得	4
215004	icon_215002	固戍之臂	33	15	5	4	4	1.34	0.4	0.55	50	4200	156	2184	104	104	104	104	104	104	104	100	0	战场二节1级手镯，59级可以使用，附有韧性属性，可以通过战场兑换获得	4
215005	icon_215002	固戍之臂	34	15	5	4	4	1.37	0.34	0.5	58	4900	180	2520	120	120	120	120	120	120	120	110	0	战场二节2级手镯，60级可以使用，附有韧性属性，可以通过战场兑换获得	4
215006	icon_215002	固戍之臂	35	15	5	4	5	1.4	0.28	0.4	60	4900	180	2520	120	120	120	120	120	120	120	120	0	战场二节3级手镯，60级可以使用，附有韧性属性，可以通过战场兑换获得	5
900001	icon_104005	厄运钟摆	2	4	5	1	3	1.45	1.6	1.6	1	5000	96	336	32	32	32	32	32	32	32	0	0	一阶5级斧头，9级可以使用，可以在银牙城堡中高级副本中获得	3		weapon_104005
900002	icon_115005	觉醒者手镯	2	15	5	4	4	1.48	1.4	1.4	1	5100	54	756	36	36	36	36	36	36	36	0	0	一阶6级手镯，13级可以使用，可以通过合成获得	4
300001	icon_115005	十人斩	1	21	5	5	2	1.51	1.2	1.4	30	0	54	756	36	36	36	36	36	36	36	0	0	通过竞技场成就获得，可与竞技之魂合成为等级更高的荣誉称号	0
