id	hard	drop1	drop2	drop3	drop4	drop5	drop6	drop7	drop8	drop9	drop10
1	1	102	202	10101	10102
1	2	103	203	10101	10102	13001	13002
1	3	104	204	10102	10103	13001	13002
2	1	106	206	10102	10103	13002
2	2	107	207	10102	10103	13002
2	3	108	208	10103	10104	13003
3	1	110	210	10103	10104	13002	13003
3	2	111	211	10104	10105	13003
3	3	112	212	10105	10106	13003	13004
4	1	114	214	10104	10105	13003	13004
4	2	115	215	10105	10106	13003	13004
4	3	116	216	10106	13003	13004	13005
5	1	118	218	10105	10106	13004	13005
5	2	119	219	10106	13003	13004	13005
5	3	120	220	10106	10107	13004	13005
6	1	122	222	10105	10106	13005	13006
6	2	123	223	10106	13004	13005	13006
6	3	124	224	10106	10107	13006
