type	name	show	size	attack	hp	defend	puncture	hit	dodge	crit	critPercentage	anitCrit	toughness	anitToughness	skill1	skill2	skill3
1	兽人战士	100	100	80	1635	1	1	1	1	1	1	1	1	1	1012
2	巨魔战士	144	100	90	1674	1	1	1	1	1	1	1	1	1	1015
3	黑铁矮人战士	125	100	100	1712	1	1	1	1	1	1	1	1	1	1043
4	兽人法师	103	100	120	1750	1	1	1	1	1	1	1	1	1	1009
5	巨魔法师	146	100	160	1787	1	1	1	1	1	1	1	1	1	1053
6	高阶兽人战士	101	100	200	1823	1	1	1	1	1	1	1	1	1	1012
7	兽人战士	100	100	250	1859	1	1	1	1	1	1	1	1	1	1015
8	高阶巨魔战士	145	100	300	1893	1	1	1	1	1	1	1	1	1	1043
9	高阶兽人战士	101	100	450	1928	1	1	1	1	1	1	1	1	1	1012
10	兽人战士	100	100	600	1961	1	1	1	1	1	1	1	1	1	1015
11	兽人法师	103	100	808	2661	54	54	54	54	54	54	54	54	42	1009
12	巨魔法师	146	100	817	3361	54	54	54	54	54	54	54	54	47	1053
13	食尸鬼	151	100	825	4061	54	54	54	54	54	54	54	54	51	1036
14	石像鬼	135	100	833	4761	55	55	55	55	55	55	55	55	56	1038
15	地穴蜘蛛	129	70	841	5461	55	55	55	55	55	55	55	55	60	1052
16	兽人将军	102	100	850	6161	56	56	56	56	56	56	56	56	65	1015
17	狼	166	100	857	6861	56	56	56	56	56	56	56	56	69	1036
18	小树人	111	100	865	7561	57	57	57	57	57	57	57	57	74	1029
19	老虎	168	100	871	8261	57	57	57	57	57	57	57	57	78	1035
20	人类战士	122	100	880	8961	58	58	58	58	58	58	58	58	83	1043
21	人类法师	117	100	1466	10271	84	84	84	84	84	84	84	84	87	1050
22	人类骑士	120	100	1476	10339	85	85	85	85	85	85	85	85	92	1000
23	人类高级战士	123	100	1485	10404	86	86	86	86	86	86	86	86	96	1012
24	人类骑士队长	121	100	1495	10468	87	87	87	87	87	87	87	87	101	41
25	蛇	165	100	1503	10530	88	88	88	88	88	88	88	88	105	1035
26	乌龟	163	100	1512	10591	89	89	89	89	89	89	89	89	110	1053
27	蝙蝠	173	100	1520	10649	90	90	90	90	90	90	90	90	114	1038
28	人类亡灵战士	114	100	1528	10706	91	91	91	91	91	91	91	91	119	1015
29	憎恶	150	70	1596	11179	105	105	105	105	105	105	105	105	123	1037
30	人类亡灵战士长	115	100	1545	10815	93	93	93	93	93	93	93	93	128	45
31	风元素	158	100	1590	11315	95	95	95	95	95	95	95	95	121	1037
32	巨魔僵尸	148	100	1596	11815	96	96	96	96	96	96	96	96	123
33	巨魔高阶祭司	147	100	1603	12315	97	97	97	97	97	97	97	97	125	1030
34	三头海妖	159	60	1610	12815	99	99	99	99	99	99	99	99	126	10	11	6
35	萨菲隆战士	137	100	1616	13315	100	100	100	100	100	100	100	100	128	1012
36	灰白小树人	170	100	1622	13815	102	102	102	102	102	102	102	102	130	1027
37	野猪	162	100	1628	14315	103	103	103	103	103	103	103	103	132	1037
38	灰白大树人	175	50	1635	14815	105	105	105	105	105	105	105	105	134	1027
39	火元素	132	100	1640	15315	106	106	106	106	106	106	106	106	136	1009
40	石元素	131	100	1645	15815	108	108	108	108	108	108	108	108	138
41	豺狼人	167	100	2317	16115	140	140	140	140	140	140	140	140	140	1012
42	雪人	164	60	2323	16415	143	143	143	143	143	143	143	143	143	1037	34
43	鹿人治疗	176	150	2330	16715	145	145	145	145	145	145	145	145	145	1027
44	德鲁伊	176	100	2335	17015	147	147	147	147	147	147	147	147	147	1027
45	食人魔祭司	110	80	2340	17315	150	150	150	150	150	150	150	150	150	1030
46	食人魔将军	107	80	2345	17615	152	152	152	152	152	152	152	152	152	41
47	食人魔国王	108	80	2348	17915	154	154	154	154	154	154	154	154	154	1012
48	兽王	505	150	2352	18215	157	157	157	157	157	157	157	157	157	1026
49	暗夜女盗贼	508	150	2356	18515	160	160	160	160	160	160	160	160	160	1006
50	人类亡灵战士长	115	100	2360	18815	162	162	162	162	162	162	162	162	162	1015
51	人类大法师	119	100	2716	19019	165	165	165	165	165	165	165	165	165	1050
52	萨菲隆法师	136	100	2718	19038	168	168	168	168	168	168	168	168	168	1050
53	人类灵魂	113	100	2721	19055	170	170	170	170	170	170	170	170	170
54	人类灵魂战士	114	100	2723	19069	173	173	173	173	173	173	173	173	173	1043
55	崎岖生物	149	100	2725	19082	176	176	176	176	176	176	176	176	176
56	暗影	171	100	2726	19092	179	179	179	179	179	179	179	179	179	1045
57	高级地穴蜘蛛	130	70	2527	19099	182	182	182	182	182	182	182	182	182	1052
58	人类亡灵战士长	115	100	2728	19105	185	185	185	185	185	185	185	185	185	1012
59	龙人战士	141	100	2728	19108	188	188	188	188	188	188	188	188	188	1015
60	小飞龙	139	100	2730	19110	192	192	192	192	192	192	192	192	192
61	龙人护卫	140	70	3002	21021	195	195	195	195	195	195	195	195	195
62	龙人将军	142	60	3275	22932	198	198	198	198	198	198	198	198	198	1043
63	灵力元素	157	100	3821	26754	201	201	201	201	201	201	201	201	201
151	兽人战士(9)	100	100	225	1928	29	29	29	29	29	29	29	29	33	1012
152	兽人法师(9)	103	100	225	1928	29	29	29	29	29	29	29	29	39	1009
153	巨魔战士(9)	144	100	225	1928	29	29	29	29	29	29	29	29	39	1015
154	巨魔法师(9)	146	100	225	1928	29	29	29	29	29	29	29	29	39	1053
155	黑铁矮人战士(9)	125	100	225	1928	29	29	29	29	29	29	29	29	39	1043
156	高级兽人战士(15)	101	100	841	5899	55	55	55	55	55	55	55	55	60	1012
157	高级兽人法师(15)	104	100	841	5899	55	55	55	55	55	55	55	55	60	1053
158	兽人战士(13)	100	100	825	5786	54	54	54	54	54	54	54	54	51	1015
159	兽人法师(14)	103	100	833	5843	55	55	55	55	55	55	55	55	56	1050
160	巨魔战士(15)	144	100	841	5899	55	55	55	55	55	55	55	55	60	1043
161	巨魔法师(16)	146	100	850	5954	56	56	56	56	56	56	56	56	65	1053
162	黑铁矮人战士(15)	125	100	841	5899	55	55	55	55	55	55	55	55	60	1012
163	女妖（17）	116	100	857	6007	56	56	56	56	56	56	56	56	69	1051
164	恐惧魔王（18）	152	70	865	6059	57	57	57	57	57	57	57	57	74	1051
165	兽人战士（17）	100	100	857	6007	56	56	56	56	56	56	56	56	69	1015
166	兽人法师（18）	103	100	865	6059	57	57	57	57	57	57	57	57	74	2050
167	迅猛龙（19）	161	100	871	6110	57	57	57	57	57	57	57	57	78	1036
168	熊（19）	169	100	871	6110	57	57	57	57	57	57	57	57	78	1035
169	人类高级法师（23）	119	100	1485	10404	86	86	86	86	86	86	86	86	96	1009
170	人类高级骑士（23）	121	100	1485	10404	86	86	86	86	86	86	86	86	96	40
171	人类高级牧师（23）	118	100	1485	10404	86	86	86	86	86	86	86	86	96	1030
172	娜迦女妖（25）	154	100	1503	10530	88	88	88	88	88	88	88	88	105	2009
173	娜迦战士（26）	153	100	1512	10591	89	89	89	89	89	89	89	89	110	1043
174	狼（25）	166	100	1503	10530	88	88	88	88	88	88	88	88	105	1036
175	老虎（26）	168	100	1512	10591	89	89	89	89	89	89	89	89	110	1036
176	熊（26）	169	100	1512	10591	89	89	89	89	89	89	89	89	110	1035
177	兽人战士（26）	100	100	1512	10591	89	89	89	89	89	89	89	89	110	1012
178	兽人法师（26）	103	100	1512	10591	89	89	89	89	89	89	89	89	110	1053
179	食尸鬼（26）	151	100	1512	10591	89	89	89	89	89	89	89	89	110	1036
180	女巫（26）	116	100	1512	10591	89	89	89	89	89	89	89	89	110	1051
181	小树人（25）	111	100	1503	10530	88	88	88	88	88	88	88	88	105
182	人类亡灵战士（28）	114	100	1528	10706	91	91	91	91	91	91	91	91	119	1015
183	食尸鬼（30）	151	100	1545	10815	93	93	93	93	93	93	93	93	128	1036
184	女巫（30）	116	100	1545	10815	93	93	93	93	93	93	93	93	128	1051
185	兽人战士（30）	100	100	1545	10815	93	93	93	93	93	93	93	93	128	1043
186	兽人法师（30）	103	100	1545	10815	93	93	93	93	93	93	93	93	128	1050
187	人类战士（30）	122	100	1545	10815	93	93	93	93	93	93	93	93	128	1012
188	人类法师（30）	117	100	1545	10815	93	93	93	93	93	93	93	93	128	1009
189	阿尔萨斯（30）	134	150	1545	8815	93	93	93	93	93	93	93	93	128	1047	1034
190	狼（31）	166	100	1958	13717	95	95	95	95	95	95	95	95	121	1036
191	老虎（31）	168	100	1590	11134	95	95	95	95	95	95	95	95	121	1036
192	蛇（31）	165	100	1590	11134	95	95	95	95	95	95	95	95	121	1012
193	巨魔战士（32）	144	100	1596	11184	96	96	96	96	96	96	96	96	123	1015
194	巨魔法师（32）	146	100	1596	11184	96	96	96	96	96	96	96	96	123	1053
195	巨魔战士（35）	144	100	1622	11366	102	102	102	102	102	102	102	102	128	1043
196	巨魔法师（35）	146	100	1622	11366	102	102	102	102	102	102	102	102	128	1050
197	高阶巨魔战士（35）	145	100	1622	11366	102	102	102	102	102	102	102	102	128	1012
198	迅猛龙（37）	161	100	1622	11366	102	102	102	102	102	102	102	102	132	1035
199	高阶人类战士（35）	123	100	1622	11366	102	102	102	102	102	102	102	102	128	1015
200	巨魔僵尸（35）	148	100	1622	11366	102	102	102	102	102	102	102	102	128
201	巨魔祭司（35）	174	100	1622	11366	102	102	102	102	102	102	102	102	128	1030
202	熊（37）	169	100	1622	11366	102	102	102	102	102	102	102	102	132	1035
203	狼（37）	166	100	1622	11366	102	102	102	102	102	102	102	102	132	1036
204	蝙蝠（37）	173	100	1622	11366	102	102	102	102	102	102	102	102	132	1038
205	灰白小树人(40)	170	100	2317	16232	140	140	140	140	140	140	140	140	138
206	巨魔高阶战士(40)	145	100	2317	16232	140	140	140	140	140	140	140	140	138	1043
207	小树人(42)	111	100	2317	16232	140	140	140	140	140	140	140	140	143	1012
208	老虎(42)	168	100	2317	16232	140	140	140	140	140	140	140	140	143	1035
209	熊(42)	169	100	2317	16232	140	140	140	140	140	140	140	140	143	1035
210	狼(42)	166	100	2317	16232	140	140	140	140	140	140	140	140	143	1036
211	迅猛龙(42)	161	100	2317	16232	140	140	140	140	140	140	140	140	143	1035
212	灰白大树人（43）	175	60	2782	17000	70	143	143	143	143	143	40	143	143	1027
213	食人魔战士（44）	106	80	2335	16350	147	147	147	147	147	147	147	147	147
214	食人魔法师（45）	109	80	2340	16385	150	150	150	150	150	150	150	150	150	1048
215	食尸鬼（47）	151	100	2345	16417	152	152	152	152	152	152	152	152	152	1036
216	女巫（47）	116	100	2345	16417	152	152	152	152	152	152	152	152	152	1051
217	地穴蜘蛛（47）	129	70	2145	16417	152	152	152	152	152	152	152	152	152	1052
218	亡灵战士（47）	155	100	2345	16417	152	152	152	152	152	152	152	152	152	1012
219	人类亡灵战士（47）	114	100	2345	16417	152	152	152	152	152	152	152	152	152	1015
220	鹿人（48）	176	100	2345	16417	152	152	152	152	152	152	152	152	152	1029
221	食尸鬼（50）	151	100	2360	16525	162	162	162	162	162	162	162	162	162	1036
222	女巫（（50）	116	100	2360	16525	162	162	162	162	162	162	162	162	162	1051
223	地穴蜘蛛（50）	129	70	2360	16525	162	162	162	162	162	162	162	162	162	1052
224	亡灵战士（50）	155	100	2360	16525	162	162	162	162	162	162	162	162	162	1043
225	人类亡灵战士（50）	114	100	2360	16525	162	162	162	162	162	162	162	162	162	1012
226	石像鬼（50）	135	100	2360	16525	162	162	162	162	162	162	162	162	162	1038
227	恐惧魔王（52）	152	80	6563	51468	320	320	320	320	320	320	320	320	320	3059	3033
228	人类骑士队长（51）	121	100	2718	19038	168	168	168	168	168	168	168	168	165	40
229	大树人（51）	112	70	2718	19038	168	168	168	168	168	168	168	168	165	1000
230	人类将军（51）	124	100	2718	19038	168	168	168	168	168	168	168	168	165	1015
231	地穴高阶蜘蛛（51）	130	70	2518	19038	168	168	168	168	168	168	168	168	165	1052
232	萨菲隆战士（51）	137	100	2718	19038	168	168	168	168	168	168	168	168	165	1043
233	野猪（52）	162	100	2718	19038	168	168	168	168	168	168	168	168	168	1037
234	蝙蝠（52）	173	100	2718	19038	168	168	168	168	168	168	168	168	168	1038
235	猪（52）	162	100	2718	19038	168	168	168	168	168	168	168	168	168	1037
236	亡灵战士（52）	155	100	2718	19038	168	168	168	168	168	168	168	168	168	1012
237	人类亡灵战士（52）	114	100	2718	19038	168	168	168	168	168	168	168	168	168	1015
238	人类亡灵（52）	113	100	2718	19038	168	168	168	168	168	168	168	168	168
239	食尸鬼（53）	151	100	2718	19038	168	168	168	168	168	168	168	168	170	1035
240	憎恶（53）	150	70	2718	19038	168	168	168	168	168	168	168	168	179	1012
241	女巫（53）	116	100	2718	19038	168	168	168	168	168	168	168	168	182	1051
242	高级憎恶（56）	172	100	2727	19099	182	182	182	182	182	182	182	182	179	1012
243	阿尔萨斯（56）	134	120	4500	47000	182	182	182	182	182	182	182	182	179	1047	3033	56
244	黑铁矮人战士（57）	125	100	2727	19099	182	182	182	182	182	182	182	182	182	1043
245	黑铁矮人法师（57）	128	100	2727	19099	182	182	182	182	182	182	182	182	182	1053
246	兽人战士（57）	100	100	2727	19099	182	182	182	182	182	182	182	182	182	1012
247	兽人法师（57）	103	100	2727	19099	182	182	182	182	182	182	182	182	182	1053
248	兽人高级战士（57）	101	100	2727	19099	182	182	182	182	182	182	182	182	182	1015
249	兽人将军（58）	102	100	2727	19099	182	182	182	182	182	182	182	182	185	1043
250	狼（57）	166	100	3002	21021	195	195	195	195	195	195	195	195	195	1036
251	龙人法师(60)	143	100	3002	21021	195	195	195	195	195	195	195	195	195	1050
252	兽人战士(60)	100	100	3002	21021	195	195	195	195	195	195	195	195	195	1012
253	兽人法师(60)	103	100	3002	21021	195	195	195	195	195	195	195	195	195	1053
254	巨魔高级战士(61)	145	100	3821	26754	201	201	201	201	201	201	201	201	201	1015
255	人类亡灵（47）	113	100	2335	16350	147	147	147	147	147	147	147	147	147
256	暗影（47）	171	100	2340	16385	150	150	150	150	150	150	150	150	150	1045
257	崎岖生物（47）	149	120	2345	16417	152	152	152	152	152	152	152	152	152
258	灵力元素（47）	157	100	2345	16417	152	152	152	152	152	152	152	152	152
301	高阶兽人战士	101	150	541	5899	55	55	55	55	55	55	55	55	60	1012		1055
302	黑铁矮人战士(9)	125	150	1200	8000	65	65	65	65	65	65	65	65	65	1043
303	食尸鬼	151	150	1300	9000	70	70	70	70	70	70	70	70	70	1036
304	兽人将军	102	150	1400	9600	75	75	75	75	75	75	75	75	75	1015		1056
305	石像鬼	135	150	1500	10000	88	88	88	88	88	88	88	88	88	1038
306	熊（19）	169	150	1660	11635	91	91	91	91	91	91	91	91	91	1035
307	迅猛龙	161	150	2200	13824	134	134	134	134	134	134	134	134	134	2035
308	人类战士	122	150	1878	11692	92	92	92	92	92	92	92	92	92	1043
309	人类将军	124	150	2508	16047	139	139	139	139	139	139	139	139	139	41
310	娜迦女妖（25）	154	150	2910	17280	140	140	140	140	140	140	140	140	140	2009
311	兽人法师（26）	103	150	2921	14364	142	142	142	142	142	142	142	142	142	1053
312	人类亡灵战士长	115	150	2962	18445	148	148	148	148	148	148	148	148	148	1043
313	蛇（31）	165	150	2890	17478	152	152	152	152	152	152	152	152	152	1012
314	高阶巨魔战士（35）	145	150	2918	19306	160	160	160	160	160	160	160	160	160	1012
315	人类亡灵战士长	115	150	3243	24134	160	160	160	160	160	160	160	160	160	45
316	三头海妖	159	100	3256	24236	164	164	164	164	164	164	164	164	164	10	11	6
317	萨菲隆战士	137	150	3243	24134	160	160	160	160	160	160	160	160	160	1012
318	熊（37）	169	150	3256	24236	164	164	164	164	164	164	164	164	164	1035
319	小树人	111	130	3263	24285	168	168	168	168	168	168	168	168	168	1027
320	火元素	132	180	3270	17136	169	169	169	169	169	169	169	169	169	1009
321	雪人	164	100	4500	45247	200	200	330	330	330	200	330	330	228	1037	3033
322	灰白大树人（43）	175	100	4136	30781	232	232	232	232	232	232	232	232	232	1027
323	狼(42)	166	170	4131	30734	228	228	228	228	228	228	228	228	228	1036
324	食人魔国王	108	110	8263	61468	320	320	320	320	320	320	320	320	320	1012
325	女巫（47）	116	180	4158	26928	246	246	246	246	246	246	246	246	246	1051
326	地穴蜘蛛（47）	129	100	3958	26928	246	246	246	246	246	246	246	246	246	1052
327	萨菲隆法师	136	150	4437	28152	268	268	268	268	268	268	268	268	268	1050
328	地穴高阶蜘蛛（51）	130	100	4435	32436	264	264	264	264	264	264	264	264	264	1052
329	崎岖生物	149	120	4437	33018	268	268	268	268	268	268	268	268	268
330	憎恶（53）	150	100	6656	49527	403	403	403	403	403	403	403	403	403	1012
331	高级憎恶（53）	172	100	4660	34668	282	282	282	282	282	282	282	282	282	1012
332	人类灵魂战士	114	150	4443	33056	276	276	276	276	276	276	276	276	276	1043
333	黑铁矮人国王	127	150	4447	33093	291	291	291	291	291	291	291	291	291	1015
334	小飞龙	139	150	4447	31410	291	291	291	291	291	291	291	291	291
335	龙人战士	141	150	4450	33106	307	307	307	307	307	307	307	307	307	2012	1041
336	龙人护卫	140	150	4895	36415	312	312	312	312	312	312	312	312	312
337	龙人将军	142	110	5340	39727	316	316	316	316	316	316	316	316	316	1043		3060
1001	人类法师	117	100	1217	2844	38	56	66	40	80	80	40	56	48	2009	2010
1002	人类战士	122	100	535	7630	80	40	50	70	40	40	80	56	48	2043	2016
1003	小哈士奇	166	100	827	5577	60	60	60	40	66	60	56	56	49	2035	1054
1004	人类骑士	120	100	611	7094	80	40	50	50	50	56	60	56	65	2000	2001
1101	人类将军	124	100	483	7987	90	30	50	70	50	50	56	56	55	2015	2016
1102	人类骑士	120	100	636	9192	90	67	40	80	50	50	80	67	84	2000	2001
1103	人类将军	124	100	535	9906	90	50	50	80	67	60	80	67	64	2015	2016
1201	人类骑士队长	121	120	1146	10174	120	50	50	120	90	90	120	90	81	41	2001	1002
1202	人类大法师	119	120	1656	6604	50	90	120	80	110	90	90	90	91	2009	2010	2011
1301	人类将军	124	150	1275	13833	150	100	100	150	60	112	120	112	110	2015	2016
2001	食尸鬼	151	100	1401	7123	80	80	70	70	100	100	70	80	76		2016
2002	蝙蝠	173	100	1223	8372	80	80	80	80	80	80	80	80	80	39
2003	人类亡灵	113	100	1275	8015	80	80	80	80	80	80	80	80	80
2004	人类亡灵战士	114	100	1020	9800	100	60	50	110	70	70	110	80	77	44	1020
2005	亡灵战士	155	100	955	10246	100	60	50	110	70	70	110	80	77	16
2006	亡灵法师	160	100	1785	4445	60	90	100	50	70	90	100	80	87	46
2101	人类亡灵战士	114	100	1146	11730	120	80	94	100	80	80	100	94	100	44	1020
2102	亡灵法师	160	100	1695	7893	80	105	105	80	100	110	80	94	95	54
2103	亡灵战士	155	100	1082	12177	120	80	94	100	80	80	100	94	100
2201	人类亡灵战士长	115	110	1275	16485	150	100	121	130	100	100	150	121	119	16
2202	人类将军	124	110	1401	15593	150	100	121	130	100	100	150	121	119	13
2301	人类高级祭祀	118	150	1800	15527	100	100	150	100	160	160	180	148	237	31		1032
3001	巨魔僵尸	148	100	1105	11286	140	126	130	140	120	126	126	126	101
3002	巨魔战士	144	100	1011	11930	150	126	100	138	100	100	155	126	141	44	1020
3003	巨魔法师	146	100	1748	6771	100	140	150	100	150	126	126	126	118	54
3004	巨魔高级战士	145	100	920	12575	150	126	100	138	100	100	155	126	141	13
3005	巨魔祭祀	147	100	1357	9511	100	140	150	100	150	126	126	126	118	31
3101	巨魔高级战士	145	100	1195	13360	210	110	110	160	120	120	180	144	145	16
3102	巨魔高级祭祀	147	100	1105	14005	120	144	144	120	160	144	160	144	162	31		1032
3103	巨魔祭祀	147	100	1551	10870	120	144	144	120	160	144	160	144	162	31		1032
3201	三头海妖	159	110	2210	11702	160	180	150	120	200	120	110	147	136
3202	人类将军	124	110	1656	15572	180	120	120	160	150	120	180	147	146	13
3301	萨菲隆战士	137	150	1840	14281	250	150	150	250	216	240	250	216	226	44	2020
4001	食人魔战士（单头	106	60	1117	20193	600	50	10	350	100	100	220	200	170	13
4002	食人魔法师（双头）	109	60	1887	12109	120	350	200	10	300	200	20	168	144	2048
4003	食人魔祭祀（单头）	110	60	1520	15974	120	250	200	10	200	200	20	168	144	2030		33
4004	小哈士奇	166	100	1857	19526	100	500	200	150	20	20	170	168	184	3035
4005	小树人	111	100	1857	19526	210	200	200	50	300	200	20	168	164
4006	迅猛龙	161	100	1857	19526	100	500	200	150	20	20	170	168	184	1035
4101	食人魔战士（单头）	106	80	1242	22437	380	200	210	10	315	210	21	189	166	2012
4102	食人魔祭祀（单头））	110	80	1688	17749	189	189	189	189	189	189	189	189	189	1030
4103	食人魔法师（双头）	109	80	2097	13455	50	300	250	150	200	300	78	189	184	2048
4201	食人魔将军	107	90	2331	18896	500	200	150	270	200	100	250	231	178	3012	1054
4202	食人魔祭祀	110	90	2063	21696	200	200	200	200	200	200	200	200	200	2030		1032
4301	食人魔国王	108	100	2720	22703	500	200	200	350	200	200	273	273	261	2041	3043
5001	暗影	171	100	2631	12952	150	300	300	240	350	200	200	240	181	2045
5002	女巫	116	100	2412	14693	150	300	300	240	350	200	200	240	181	2051
5003	憎恶	150	100	1461	22238	500	200	200	250	200	200	200	240	171
5004	食尸鬼	151	100	2265	15854	300	300	200	200	250	200	240	240	231	37
5005	石像鬼	135	100	2340	15273	240	240	240	240	240	240	240	240	240	2038
5006	蝙蝠	173	100	2192	16433	240	240	240	240	240	240	240	240	240	2035
5007	地穴蜘蛛	129	70	2558	13532	150	500	240	150	240	240	170	240	231	2052
5008	人类亡灵	113	100	1827	19336	240	240	240	240	240	240	240	240	240
5009	人类亡灵战士	114	100	1607	21076	450	200	200	300	200	200	150	240	221	3012
5101	暗影	171	100	2925	14391	100	350	266	150	400	400	200	266	268	2045
5102	女巫	116	100	2777	15552	100	350	266	150	400	400	200	266	268	2051
5103	憎恶	150	100	1755	23676	500	15	15	500	300	280	266	266	258
5104	人类亡灵战士长	115	100	1972	21935	500	15	15	500	300	280	266	266	258	2043	21
5201	高级憎恶	172	90	2192	27716	700	150	50	500	300	280	266	320	315
5202	高级地穴领主	130	90	2340	26555	90	70	50	800	500	450	266	320	335	2043	3033	21
5301	阿尔萨斯死骑	134	120	3655	23630	500	373	300	373	373	373	373	373	321	3047	3034
6001	火元素	132	100	2631	15946	100	400	295	295	500	300	200	295	271	3009
6002	黑铁矮人战士	125	100	1900	21749	500	200	295	400	200	200	295	295	271	3015	3016
6003	黑铁矮人法师	128	100	2777	14786	200	400	350	200	400	400	150	295	262	3009
6004	小飞龙	139	100	2412	17687	295	295	295	295	295	295	295	295	295		3033
6005	龙人战士	141	100	2046	20589	500	200	295	400	200	200	295	295	271	3012	3041
6006	龙人法师	143	100	2705	15367	200	400	350	200	400	400	150	295	262	2009	3010	3011
6007	兽人战士	100	100	2118	20009	500	200	295	400	200	200	295	295	271	3043	2020
6008	兽人法师	103	100	2558	16527	200	400	350	200	400	400	150	295	262	3053
6009	龙人护卫	140	100	1900	21749	500	200	295	400	200	200	295	295	271
6101	高级火元素	133	100	2925	17309	200	700	250	200	400	400	150	324	298
6102	黑铁矮人高级战士	126	100	2046	24273	700	200	324	400	200	200	324	324	248	3015
6103	兽人高级战士	101	100	2192	23112	700	200	324	400	200	200	324	324	248
6104	龙人护卫	140	90	2118	23692	700	200	324	400	200	200	324	324	248
6201	黑铁矮人国王	127	125	2192	30480	850	200	50	700	200	200	500	383	370	3012
6202	兽人将军	102	135	2485	28159	850	200	50	700	200	200	500	383	370	3012
6301	龙人将军	142	120	3070	30884	800	50	50	600	100	100	600	442	443	3043	3020	3061
100001	阿尔萨斯	501	80	186	1635	28	28	28	28	28	28	28	28	2	1	2	3
100002	暗夜女贼	508	80	191	1674	28	28	28	28	28	28	28	28	4	7	8	9
100003	吉安娜女法	502	80	195	1712	28	28	28	28	28	28	28	28	7	10	11	12
100004	矮人火枪	503	80	200	1750	28	28	28	28	28	28	28	28	11	4	5	6
100005	剑圣	504	80	204	1787	28	28	28	28	28	28	28	28	16	16	17	18
100006	兽王	505	80	208	1823	28	28	28	28	28	28	28	28	20	25	26	27
100007	痛苦术士	507	80	212	1859	28	28	28	28	28	28	28	28	24	22	23	24
100008	牛头酋长	506	80	216	1893	29	29	29	29	29	29	29	29	29	13	14	15
100009	萨满	509	80	220	1928	29	29	29	29	29	29	29	29	33	19	20	21
100010	树人	510	80	224	1961	29	29	29	29	29	29	29	29	38	28	29	30
100011	血精灵祭祀	511	80	647	5669	54	54	54	54	54	54	54	54	42	31	32	33
100012	阿尔萨斯	501	80	654	5728	54	54	54	54	54	54	54	54	47	1	2	3
100013	暗夜女贼	508	80	660	5786	54	54	54	54	54	54	54	54	51	7	8	9
100014	吉安娜女法	502	80	667	5843	55	55	55	55	55	55	55	55	56	10	11	12
100015	矮人火枪	503	80	673	5899	55	55	55	55	55	55	55	55	60	4	5	6
100016	剑圣	504	80	680	5954	56	56	56	56	56	56	56	56	65	16	17	18
100017	兽王	505	80	686	6007	56	56	56	56	56	56	56	56	69	25	26	27
100018	痛苦术士	507	80	692	6059	57	57	57	57	57	57	57	57	74	22	23	24
100019	牛头酋长	506	80	697	6110	57	57	57	57	57	57	57	57	78	13	14	15
100020	萨满	509	80	704	6160	58	58	58	58	58	58	58	58	83	19	20	21
100021	树人	510	80	1173	10271	84	84	84	84	84	84	84	84	87	28	29	30
100022	血精灵祭祀	511	80	1181	10339	85	85	85	85	85	85	85	85	92	31	32	33
100023	阿尔萨斯	501	80	1188	10404	86	86	86	86	86	86	86	86	96	1	2	3
100024	暗夜女贼	508	80	1196	10468	87	87	87	87	87	87	87	87	101	7	8	9
100025	吉安娜女法	502	80	1203	10530	88	88	88	88	88	88	88	88	105	10	11	12
100026	矮人火枪	503	80	1210	10591	89	89	89	89	89	89	89	89	110	4	5	6
100027	剑圣	504	80	1216	10649	90	90	90	90	90	90	90	90	114	16	17	18
100028	兽王	505	80	1223	10706	91	91	91	91	91	91	91	91	119	25	26	27
100029	痛苦术士	507	80	1277	11179	105	105	105	105	105	105	105	105	123	22	23	24
100030	牛头酋长	506	80	1236	10815	93	93	93	93	93	93	93	93	128	13	14	15
100031	萨满	509	80	1272	11134	95	95	95	95	95	95	95	95	121	19	20	21
100032	树人	510	80	1277	11184	96	96	96	96	96	96	96	96	123	28	29	30
100033	血精灵祭祀	511	80	1283	11232	97	97	97	97	97	97	97	97	125	31	32	33
100034	阿尔萨斯	501	80	1288	11278	99	99	99	99	99	99	99	99	126	1	2	3
100035	暗夜女贼	508	80	1293	11323	100	100	100	100	100	100	100	100	128	7	8	9
100036	吉安娜女法	502	80	1298	11366	102	102	102	102	102	102	102	102	130	10	11	12
100037	矮人火枪	503	80	1303	11407	103	103	103	103	103	103	103	103	132	4	5	6
100038	剑圣	504	80	1308	11446	105	105	105	105	105	105	105	105	134	16	17	18
100039	兽王	505	80	1312	11484	106	106	106	106	106	106	106	106	136	25	26	27
100040	痛苦术士	507	80	1316	11520	108	108	108	108	108	108	108	108	138	22	23	24
100041	牛头酋长	506	80	1854	16232	140	140	140	140	140	140	140	140	140	13	14	15
100042	萨满	509	80	1859	16274	143	143	143	143	143	143	143	143	143	19	20	21
100043	树人	510	80	1864	16313	145	145	145	145	145	145	145	145	145	28	29	30
100044	血精灵祭祀	511	80	1868	16350	147	147	147	147	147	147	147	147	147	31	32	33
100045	阿尔萨斯	501	80	1872	16385	150	150	150	150	150	150	150	150	150	1	2	3
100046	暗夜女贼	508	80	1876	16417	152	152	152	152	152	152	152	152	152	7	8	9
100047	吉安娜女法	502	80	1879	16447	154	154	154	154	154	154	154	154	154	10	11	12
100048	矮人火枪	503	80	1882	16475	157	157	157	157	157	157	157	157	157	4	5	6
100049	剑圣	504	80	1885	16501	160	160	160	160	160	160	160	160	160	16	17	18
100050	兽王	505	80	1888	16525	162	162	162	162	162	162	162	162	162	25	26	27
100051	痛苦术士	507	80	2173	19019	165	165	165	165	165	165	165	165	165	22	23	24
100052	牛头酋长	506	80	2175	19038	168	168	168	168	168	168	168	168	168	13	14	15
100053	萨满	509	80	2177	19055	170	170	170	170	170	170	170	170	170	19	20	21
100054	树人	510	80	2179	19069	173	173	173	173	173	173	173	173	173	28	29	30
100055	血精灵祭祀	511	80	2180	19082	176	176	176	176	176	176	176	176	176	31	32	33
100056	阿尔萨斯	501	80	2181	19092	179	179	179	179	179	179	179	179	179	1	2	3
100057	暗夜女贼	508	80	2182	19099	182	182	182	182	182	182	182	182	182	7	8	9
100058	吉安娜女法	502	80	2183	19105	185	185	185	185	185	185	185	185	185	10	11	12
100059	矮人火枪	503	80	2183	19108	188	188	188	188	188	188	188	188	188	4	5	6
100060	剑圣	504	80	2184	19110	192	192	192	192	192	192	192	192	192	16	17	18
100061	兽王	505	80	2402	21021	195	195	195	195	195	195	195	195	195	25	26	27
100062	痛苦术士	507	80	2620	22932	198	198	198	198	198	198	198	198	198	22	23	24
100063	牛头酋长	506	80	3057	26754	201	201	201	201	201	201	201	201	201	13	14	15
50001	大BOSS	506	200	3057	56754	201	201	201	201	201	201	201	201	201	13	14	15
401	兽人法师	147	100	150	550	1	1	1	1	1	1	1	1	1	4030
